5 0.006350040435791016
10 0.0023615360260009766
15 0.003981590270996094
20 0.0038156509399414062
25 0.004998922348022461
30 0.006538867950439453
35 0.008999347686767578
40 0.016340255737304688
45 0.014771461486816406
50 0.019016265869140625
55 0.022635221481323242
60 0.026045799255371094
65 0.05008554458618164
70 0.035329341888427734
75 0.07624101638793945
80 0.08677148818969727
85 0.05271029472351074
90 0.06040215492248535
95 0.0634145736694336
100 0.07592082023620605
105 0.07922959327697754
110 0.08943772315979004
115 0.17774534225463867
120 0.09479546546936035
125 0.10675883293151855
130 0.23793339729309082
135 0.14879441261291504
140 0.14041566848754883
145 0.15056276321411133
150 0.17216181755065918
155 0.18490839004516602
160 0.22472810745239258
165 0.23224687576293945
170 0.23847579956054688
175 0.2679862976074219
180 0.2565305233001709
185 0.2995896339416504
190 0.2803206443786621
195 0.3582284450531006
200 0.9407355785369873
