5 0.0013315677642822266
10 0.005711078643798828
15 0.016987323760986328
20 0.012361526489257812
25 0.05292248725891113
30 0.07748770713806152
35 0.061341285705566406
40 0.11889410018920898
45 0.29250311851501465
50 0.19454073905944824
55 0.24115824699401855
60 0.41472768783569336
65 2.1818084716796875
70 0.5243737697601318
75 4.543490409851074
80 5.961702346801758
85 0.9757797718048096
90 3.3417112827301025
95 1.3099493980407715
100 3.597729444503784
105 2.4910924434661865
110 2.2010693550109863
115 13.608581304550171
120 8.46608591079712
125 3.287912368774414
130 20.413494348526
135 4.224688529968262
140 4.4744181632995605
145 5.11797308921814
150 14.420862674713135
155 6.679820537567139
160 18.128642320632935
165 7.937914133071899
170 8.65855360031128
175 9.633066177368164
180 10.184394836425781
185 10.947474479675293
190 12.307600498199463
195 41.04512906074524
200 120.55508255958557
