5 0.0008053779602050781
10 0.0019867420196533203
15 0.004366874694824219
20 0.0042459964752197266
25 0.013532161712646484
30 0.022776365280151367
35 0.017806291580200195
40 0.029446125030517578
45 0.057859182357788086
50 0.05513930320739746
55 0.06446671485900879
60 0.09328985214233398
65 0.42253947257995605
70 0.1366565227508545
75 1.2507448196411133
80 1.3190257549285889
85 0.23513388633728027
90 0.7507529258728027
95 0.38294100761413574
100 0.7024087905883789
105 0.5548090934753418
110 0.5589437484741211
115 3.0116145610809326
120 1.57625412940979
125 0.8752107620239258
130 4.374572038650513
135 1.0000371932983398
140 1.1366603374481201
145 1.5024285316467285
150 2.9252774715423584
155 1.573650598526001
160 3.686229944229126
165 1.9382164478302002
170 2.122406244277954
175 2.387911558151245
180 2.6541004180908203
185 2.8313348293304443
190 3.147625207901001
195 8.72492003440857
200 31.214720010757446
