5 0.0611572265625
10 0.11373662948608398
15 0.40146565437316895
20 0.2179412841796875
25 0.3225090503692627
30 0.4510979652404785
35 0.6266946792602539
40 0.7924554347991943
45 1.0315735340118408
50 1.3398666381835938
55 1.5304028987884521
60 1.882706880569458
70 2.4694299697875977
85 3.8390212059020996
90 4.138542890548706
95 4.542632102966309
100 4.959772825241089
105 5.592087507247925
110 6.144865274429321
120 6.941237926483154
125 7.2965850830078125
135 8.730997085571289
140 9.49150538444519
145 10.57113265991211
150 11.397989273071289
155 12.570176601409912
160 13.074453353881836
165 13.987763166427612
170 14.593878984451294
175 15.127430438995361
180 16.984461784362793
185 17.84667730331421
190 17.527743577957153
195 19.121264696121216
