5 0.03519248962402344
10 0.16907835006713867
15 0.5509450435638428
20 1.0745930671691895
25 2.135538101196289
30 3.5032057762145996
35 5.755762815475464
40 8.362009048461914
45 13.091718196868896
50 17.316640615463257
55 21.78041672706604
60 28.98944067955017
65 81.8932204246521
70 47.46796989440918
85 83.26774525642395
90 97.51503109931946
95 117.80521440505981
100 132.56514310836792
105 156.28859496116638
110 180.79468321800232
120 223.58312964439392
125 255.10424494743347
135 333.6765446662903
140 363.15803503990173
145 394.2970931529999
