175 1579 31 45 2 56 
0 1 1 1 1 1 0 0 1 1 0 0 1 1 0 1 1 1 0 0 1 0 0 0 1 0 1 1 0 0 1 1 0 1 0 0 1 0 1 1 0 1 1 1 0 0 1 1 1 0 1 1 1 1 0 1 0 1 1 0 1 1 1 0 0 0 1 1 1 1 1 0 1 0 0 1 0 1 0 1 1 0 1 1 1 1 1 1 1 0 1 0 0 1 0 0 1 1 1 0 0 0 1 0 0 1 0 1 1 0 1 0 1 0 0 1 0 0 1 0 1 0 0 0 1 1 1 0 0 0 0 1 1 1 0 0 0 1 0 1 0 0 0 1 0 1 0 1 1 1 0 1 0 1 1 1 1 1 0 1 0 1 1 0 0 0 0 0 0 0 0 1 1 0 0 
0 0 0 0 1 0 0 0 0 1 0 0 0 0 1 1 1 0 0 1 1 1 0 0 0 1 1 0 0 1 1 0 0 0 1 1 1 1 0 0 0 1 0 1 0 0 1 0 0 0 1 1 1 1 1 0 0 0 1 0 1 0 0 0 0 0 0 1 0 0 1 0 1 0 1 1 0 1 1 0 0 1 0 1 1 1 1 1 1 0 1 0 1 0 1 0 1 0 0 1 0 0 0 1 1 0 1 1 1 1 1 0 0 0 0 0 0 1 0 1 1 0 1 1 1 1 0 1 1 0 0 0 0 0 1 0 1 0 0 1 1 0 1 0 0 1 1 1 0 1 1 1 0 1 0 1 1 1 1 0 1 0 1 1 1 0 1 1 1 1 1 0 0 1 0 
0 1 0 0 0 1 0 0 0 0 0 0 0 0 0 0 1 1 1 1 0 0 1 0 1 1 1 0 1 1 1 1 1 1 1 0 1 0 1 0 1 0 1 0 1 0 0 1 1 0 0 0 0 1 1 0 1 0 1 0 0 0 0 1 1 1 1 0 1 0 0 0 1 0 1 1 0 1 0 1 1 1 1 1 1 0 1 1 1 0 1 0 0 1 1 0 1 1 1 1 1 1 0 1 1 0 0 0 0 0 0 0 0 1 1 0 1 0 1 1 1 0 1 1 1 1 0 1 0 0 0 0 1 0 0 1 1 0 1 0 1 0 1 0 0 1 1 0 0 0 1 0 0 1 0 0 0 1 1 1 0 0 0 1 1 1 0 0 1 0 1 0 0 1 1 
1 1 0 0 1 1 0 0 0 1 0 1 0 1 0 1 0 1 1 1 0 1 1 1 1 1 0 0 1 1 1 1 1 1 0 1 1 0 1 0 1 0 1 0 0 1 0 0 1 1 1 1 0 1 1 1 0 1 1 0 0 1 1 1 0 0 1 0 0 1 1 1 1 1 1 0 1 0 0 0 0 0 1 0 0 1 1 1 1 1 1 0 1 0 0 1 1 0 1 0 1 0 1 0 1 1 1 0 1 0 1 0 0 0 1 0 0 0 1 0 1 0 0 1 1 1 1 1 1 1 1 1 0 1 0 0 0 1 0 1 1 1 1 0 0 0 1 0 1 0 1 0 0 0 0 1 0 1 0 1 1 1 0 0 1 0 0 0 1 0 1 0 0 1 1 
1 1 1 0 0 1 1 1 0 1 0 0 0 0 0 0 0 1 1 1 1 0 0 1 1 1 1 1 0 0 0 0 1 0 1 0 0 1 0 1 1 0 1 1 1 1 0 0 1 0 1 1 1 1 0 1 1 0 0 0 0 1 0 0 1 1 0 0 1 0 1 1 1 0 1 0 1 1 0 0 1 1 0 0 1 1 1 1 0 0 1 1 0 0 0 0 1 1 0 1 0 0 1 0 1 0 0 1 0 0 0 0 0 0 1 0 1 1 0 1 0 1 1 1 1 1 0 1 0 1 0 1 0 1 1 0 0 1 0 1 1 1 0 0 0 0 0 1 0 0 0 1 1 1 1 0 1 1 0 1 1 1 1 1 1 0 1 1 1 1 1 1 1 0 1 
1 1 0 0 1 0 0 1 0 0 0 0 1 1 0 1 1 1 0 0 0 1 1 1 0 0 1 1 0 0 0 0 0 0 0 0 1 0 0 1 1 1 0 0 0 0 1 0 1 1 1 1 0 0 1 1 1 1 0 0 1 1 1 0 0 0 1 1 1 1 1 0 0 1 0 0 0 0 0 1 1 0 1 0 0 0 0 1 0 0 1 1 1 0 1 1 1 1 1 1 1 1 1 1 1 0 1 1 1 0 0 0 0 1 0 1 1 1 1 1 0 0 1 0 1 0 1 1 1 0 1 1 1 1 1 1 1 1 1 0 0 1 1 0 0 0 1 0 0 0 1 0 1 0 1 0 1 1 1 1 1 1 1 0 0 0 1 0 0 1 1 1 1 0 1 
1 1 1 0 1 1 0 1 1 1 0 1 1 1 1 0 1 1 0 0 1 1 0 0 0 0 1 1 1 1 1 0 1 0 1 1 1 1 0 1 1 0 0 0 0 1 1 1 0 1 0 1 0 0 1 1 0 1 0 1 1 0 1 0 1 0 1 1 0 0 0 1 0 0 1 0 0 1 1 0 1 0 0 0 1 0 0 1 0 1 1 1 1 1 0 1 1 0 1 1 0 0 0 0 1 0 1 0 0 0 1 0 0 0 0 0 1 0 0 0 1 1 0 0 1 1 0 1 0 1 1 1 0 1 0 0 1 0 0 0 0 0 0 1 0 1 0 1 1 1 1 1 1 0 1 1 1 1 1 1 1 1 0 0 1 0 1 1 1 0 1 0 0 0 1 
0 1 0 1 0 0 1 0 0 1 1 0 1 0 0 1 0 1 1 0 1 0 1 1 1 0 1 0 0 1 1 0 1 1 1 0 1 1 0 1 0 1 0 1 0 1 0 0 1 0 1 0 1 0 0 1 1 1 1 0 1 1 1 1 1 1 0 0 0 0 0 0 1 1 0 0 0 0 1 0 0 0 1 1 0 1 1 0 0 1 1 1 0 1 0 1 1 1 1 0 1 0 0 1 1 1 0 1 1 0 0 0 0 0 0 1 0 1 1 1 0 0 0 1 0 0 1 0 1 0 1 1 1 1 1 1 0 0 1 1 1 1 0 0 1 1 0 1 1 0 1 1 1 0 0 0 1 1 1 0 0 0 1 1 0 1 0 1 0 0 1 1 1 1 0 
1 1 0 1 0 1 0 0 0 1 1 1 1 1 0 0 0 0 1 0 0 1 1 1 0 1 0 0 0 0 0 1 0 0 1 1 0 1 0 1 0 0 1 0 1 0 0 0 0 1 0 1 0 1 1 1 1 1 0 1 1 1 1 0 1 0 0 0 0 1 1 0 0 1 1 1 0 1 0 0 0 1 0 1 0 1 0 1 1 0 1 0 0 1 0 1 1 0 1 1 0 0 1 0 1 1 1 1 1 1 1 1 0 1 0 1 0 1 1 0 1 1 1 0 0 0 0 0 0 1 1 0 0 0 1 0 0 0 1 0 1 0 1 0 1 1 0 0 0 1 0 1 0 1 1 0 1 0 1 0 1 0 0 0 1 0 0 0 1 0 0 1 1 0 1 
1 1 0 1 0 1 1 1 0 0 0 1 1 0 0 1 1 0 0 0 0 0 0 0 1 0 1 0 0 0 1 1 1 1 0 0 0 0 1 1 1 0 0 1 1 1 1 1 0 1 0 0 1 0 1 1 0 0 0 0 1 1 0 0 1 0 0 1 1 1 1 1 1 0 0 0 1 0 1 1 1 1 1 1 0 0 0 0 0 0 0 0 1 0 0 0 1 0 0 0 0 0 0 1 0 0 0 0 1 0 0 0 0 0 1 1 1 1 0 0 1 1 1 0 0 1 1 1 1 1 1 1 0 1 0 0 1 1 1 1 0 1 0 1 0 0 1 1 0 1 0 1 1 0 1 0 0 1 1 1 1 1 1 1 0 1 0 1 0 0 0 1 1 0 0 
1 0 1 1 0 0 0 1 1 1 0 0 0 0 0 1 0 0 0 1 1 1 1 1 0 0 1 1 1 1 1 0 0 0 0 0 0 0 0 0 0 1 1 0 1 0 0 1 0 1 0 1 1 1 1 0 1 0 1 1 0 1 1 1 0 0 0 1 1 1 1 1 1 0 1 0 0 1 1 1 1 0 0 1 1 0 1 1 1 0 1 1 0 1 1 0 0 0 1 1 0 1 1 1 0 1 1 0 0 1 1 1 1 1 0 0 1 1 0 0 0 1 1 0 1 1 1 1 1 0 0 0 0 1 1 0 0 0 1 0 0 0 1 1 1 1 0 1 1 0 0 1 1 0 0 1 0 0 1 0 1 1 1 0 0 0 0 0 1 1 0 1 1 0 1 
0 0 0 1 0 0 1 0 0 0 1 0 0 0 1 1 0 0 1 1 0 0 0 0 0 0 1 0 0 1 1 0 0 0 0 1 1 0 0 0 1 1 0 1 1 1 1 0 0 1 0 0 0 1 0 1 1 1 0 1 1 1 0 0 1 0 0 1 0 1 0 1 1 0 1 0 1 0 0 0 1 0 0 1 1 1 0 0 1 0 1 0 0 0 1 1 0 0 1 0 1 0 1 1 1 1 1 1 0 1 0 0 1 1 0 0 0 0 1 0 0 1 0 0 0 0 1 0 1 0 1 0 1 1 0 1 1 0 0 1 0 0 1 1 0 0 0 0 0 0 0 1 1 1 1 1 1 1 1 1 1 0 0 1 1 0 1 0 0 1 1 0 1 1 1 
0 1 1 1 1 0 0 1 0 1 0 0 0 0 0 1 0 1 1 1 1 1 0 0 0 1 1 1 0 0 0 1 0 0 0 0 0 0 0 0 0 1 1 1 1 1 0 1 1 1 0 0 1 1 1 0 1 0 1 1 1 0 0 0 0 0 1 0 0 0 0 0 0 0 1 1 1 1 1 1 1 0 0 0 0 1 1 1 1 0 1 1 0 0 1 1 1 1 0 0 1 1 0 0 1 1 1 1 0 1 0 0 0 0 0 1 0 0 0 1 0 1 1 1 1 0 1 1 1 1 0 1 1 0 1 1 0 1 1 0 1 0 0 1 0 0 1 1 1 1 0 0 0 1 0 1 0 1 0 1 1 0 0 0 0 1 1 1 0 0 0 0 1 0 0 
1 0 0 1 1 1 0 0 1 1 1 0 1 0 0 1 0 1 0 1 0 0 0 1 1 1 0 0 0 0 0 0 1 0 1 0 0 1 1 0 0 1 1 1 1 0 1 0 0 0 1 1 1 1 0 1 1 0 0 0 0 0 1 0 1 0 1 1 0 1 1 0 1 1 0 0 0 1 1 1 0 1 0 1 1 1 0 1 1 1 0 1 0 1 0 1 1 1 0 1 1 1 0 1 1 0 1 0 0 0 1 0 1 0 0 0 0 1 1 1 0 1 0 0 0 0 1 1 1 1 0 0 0 1 0 0 0 0 0 0 0 1 1 0 0 1 0 1 1 1 0 0 0 1 1 1 1 1 0 1 1 0 0 1 1 0 0 0 1 0 1 0 1 0 0 
1 1 0 0 1 1 1 0 1 1 0 1 0 0 0 1 1 0 1 1 1 1 1 0 1 0 0 0 0 1 0 1 0 1 1 0 1 0 0 0 1 1 1 0 1 1 0 0 0 0 0 1 0 1 0 0 1 1 0 0 1 1 1 1 1 1 0 1 1 0 1 1 0 1 0 1 1 0 1 0 0 0 0 0 0 0 0 0 1 0 1 0 0 1 1 0 1 1 0 0 1 0 1 0 1 0 0 1 0 1 1 1 0 0 1 1 1 1 1 0 0 1 1 1 0 1 0 0 1 1 0 0 1 1 1 1 1 0 0 0 1 1 1 1 1 1 0 0 0 1 0 0 0 0 1 1 0 0 0 0 0 1 1 1 1 1 0 1 1 0 0 0 0 0 1 
1 1 1 0 1 0 0 1 0 1 1 1 0 0 1 0 0 1 1 1 0 1 0 0 1 1 1 1 0 1 1 0 0 0 0 1 0 0 0 0 1 1 0 1 0 1 1 1 0 0 0 0 1 1 0 0 0 0 1 1 1 0 0 0 0 0 1 1 1 0 1 0 0 0 1 1 0 0 1 1 1 1 1 1 1 0 0 0 0 1 0 0 1 0 1 1 1 0 1 1 1 0 1 0 0 0 1 1 0 1 1 0 0 1 1 0 0 1 0 0 1 1 1 1 0 0 0 1 1 1 1 1 1 1 0 0 1 1 1 1 0 0 0 1 1 0 0 1 1 1 0 0 1 0 1 1 0 0 1 0 1 1 0 1 0 1 1 1 0 0 0 1 0 0 0 
0 1 1 1 1 0 1 0 1 0 1 0 0 1 0 1 0 1 1 1 1 1 1 1 1 1 1 0 0 0 0 1 1 1 1 1 0 1 0 0 0 0 0 0 1 0 1 0 1 1 1 0 0 1 1 1 1 0 0 1 0 1 0 0 0 0 0 0 0 0 0 0 0 0 0 0 1 0 0 1 1 1 1 1 1 1 1 1 0 0 0 1 0 1 0 1 1 0 1 1 1 1 0 0 0 1 0 1 1 1 0 0 1 0 0 0 0 1 1 0 1 1 1 1 1 1 1 0 0 1 0 1 1 0 0 1 0 1 1 0 0 0 0 0 1 0 0 0 1 1 0 1 1 0 0 0 0 1 0 0 0 0 0 1 1 0 1 1 0 1 0 1 1 1 1 
0 1 0 0 1 1 1 0 1 1 0 1 0 0 0 0 1 0 1 0 1 0 1 0 0 0 0 0 1 1 0 0 1 1 1 1 0 0 1 1 1 0 0 1 1 0 0 1 0 0 1 0 1 0 0 1 1 0 0 1 1 1 0 0 1 1 1 0 1 0 0 1 0 0 1 0 1 1 1 0 1 0 1 0 1 1 0 1 0 1 0 1 0 1 0 0 0 0 0 1 0 0 0 1 1 1 1 1 0 0 0 0 0 1 0 0 1 1 1 1 0 0 1 1 0 1 1 0 0 1 1 0 0 0 1 0 0 0 1 0 1 1 1 0 0 1 0 0 0 1 0 0 1 1 0 1 1 0 0 0 0 0 0 0 0 1 0 0 1 1 1 1 1 0 1 
0 0 0 1 1 0 0 0 0 1 1 1 1 1 0 0 0 1 0 1 0 1 0 0 1 1 1 1 0 0 0 0 0 0 1 0 1 1 0 0 1 0 1 0 0 0 1 1 1 0 1 1 1 1 1 0 1 0 1 0 1 0 1 1 0 1 1 1 1 0 0 1 0 1 0 1 0 0 0 1 1 0 1 0 0 0 1 0 0 0 0 0 0 1 1 0 1 0 0 0 1 1 1 1 0 1 1 0 0 1 1 0 1 1 1 0 1 0 1 1 1 0 0 1 0 1 0 0 1 0 1 0 1 1 0 1 0 1 0 1 0 1 1 1 0 0 1 1 0 1 1 0 0 1 0 0 1 0 1 1 1 1 0 0 1 0 0 1 1 0 0 1 1 0 0 
0 0 0 1 1 0 1 1 1 1 0 1 0 0 1 0 0 0 0 0 0 1 0 1 1 1 1 0 0 1 1 0 1 0 0 0 0 0 0 0 0 0 1 0 0 0 1 1 1 0 1 0 1 0 0 0 1 0 1 0 1 1 0 1 1 1 1 0 1 0 1 0 0 0 1 1 1 0 0 1 1 1 1 1 1 1 1 1 0 1 0 1 0 1 0 1 0 0 0 1 0 0 1 0 1 0 0 1 1 1 0 1 0 1 1 1 0 0 0 1 1 1 0 0 0 0 0 1 0 1 1 0 1 0 0 1 0 0 0 1 0 1 1 0 0 0 1 0 0 0 0 0 0 0 1 1 0 1 1 0 0 1 1 0 1 1 0 1 0 1 1 0 1 1 0 
0 0 1 1 1 1 1 1 0 0 1 1 1 1 0 1 0 0 0 0 0 0 0 0 0 1 0 1 1 0 1 0 1 0 1 0 0 0 1 0 0 0 1 1 0 1 0 1 1 1 1 0 1 1 0 0 1 0 0 1 1 0 0 1 1 1 0 0 0 0 1 0 1 0 0 1 0 1 0 0 0 1 1 0 1 0 1 0 0 1 1 0 0 0 1 0 0 0 1 1 0 1 0 0 1 0 1 1 0 0 0 0 0 0 1 0 1 0 1 1 1 0 0 1 1 0 0 0 0 0 1 1 0 0 0 1 0 0 0 0 1 1 1 0 0 0 1 1 1 1 1 0 0 1 0 1 1 1 0 1 0 1 0 1 1 0 1 1 1 0 0 0 0 1 0 
0 0 0 0 1 0 0 0 1 1 1 1 1 0 1 1 0 0 0 0 0 0 1 1 1 0 0 0 0 1 1 1 0 1 1 1 0 0 1 1 1 1 0 0 0 0 1 1 0 1 0 1 0 1 0 1 0 1 1 0 0 0 1 0 0 0 0 0 0 1 1 0 0 1 1 1 1 0 1 1 0 1 0 0 1 0 1 1 0 0 0 0 1 0 1 1 0 0 0 0 1 1 1 0 1 0 0 0 1 1 1 1 1 0 1 0 1 1 0 1 1 0 0 0 1 0 0 0 1 1 1 1 1 0 0 1 0 1 1 1 1 1 1 1 0 0 1 1 1 1 1 1 0 0 1 0 1 0 0 1 1 1 0 1 1 1 0 0 0 1 0 0 1 1 1 
1 0 0 1 1 1 0 1 0 0 0 1 1 0 1 1 0 0 1 0 1 0 0 1 0 1 1 0 0 0 1 0 0 0 1 0 0 1 0 0 0 1 1 0 1 1 1 0 1 0 0 1 0 1 1 0 0 0 0 0 0 1 0 1 1 0 0 0 0 1 1 0 1 1 0 0 0 1 1 0 0 1 0 0 0 1 0 1 1 1 1 0 1 0 0 1 0 1 0 1 1 0 0 0 1 0 1 0 0 1 1 0 0 0 1 0 0 0 0 0 0 0 1 1 1 1 0 1 0 0 0 0 1 1 0 1 0 0 1 0 0 1 0 0 1 0 1 1 0 0 0 1 0 0 0 1 0 1 1 1 1 0 0 1 0 1 0 1 0 1 0 1 1 1 1 
1 0 0 0 1 1 0 0 1 1 0 1 1 1 1 0 0 0 0 1 0 0 0 0 1 0 0 1 1 1 1 1 0 1 0 0 1 1 1 1 1 0 0 1 1 1 0 0 0 1 1 1 0 1 1 0 0 0 1 0 1 1 1 1 1 1 0 0 1 0 0 0 0 0 1 0 0 0 1 0 1 0 0 0 1 0 0 0 1 0 0 1 1 0 0 0 1 0 1 0 0 1 0 1 1 0 1 1 0 1 0 1 0 1 0 0 0 1 0 0 1 0 0 1 0 1 0 0 0 1 0 0 1 1 1 0 0 1 0 1 0 1 1 0 0 1 1 0 0 1 1 0 1 0 1 1 0 0 0 1 0 0 0 0 0 1 0 1 1 0 0 0 1 1 1 
0 1 1 0 0 0 1 1 1 0 1 0 0 0 0 1 0 0 0 1 1 0 0 0 0 1 1 0 1 1 1 1 0 1 1 1 1 1 1 0 1 1 1 0 0 0 0 1 0 1 0 1 1 1 0 0 0 0 0 1 0 1 1 0 0 1 0 1 0 0 0 0 0 0 1 0 1 0 0 1 1 0 1 1 0 1 0 0 0 1 0 0 1 1 0 1 0 0 1 0 1 0 0 1 1 0 1 0 1 1 0 1 1 1 0 1 1 1 0 0 1 1 0 0 0 1 0 1 1 1 0 1 1 0 0 0 1 0 0 1 0 1 1 0 0 1 0 1 0 0 0 1 0 1 0 0 1 0 0 0 1 1 1 1 0 1 0 0 0 1 1 0 1 1 1 
0 1 0 0 0 1 1 1 0 1 1 1 0 0 1 1 1 0 1 1 0 1 0 0 1 0 0 1 0 0 0 1 0 0 0 0 1 1 0 0 1 1 0 1 1 1 0 0 0 0 0 1 0 1 1 0 1 1 1 0 0 0 0 0 0 0 1 0 0 0 0 0 1 1 0 0 0 1 0 1 0 0 0 0 0 1 0 1 0 1 0 0 0 1 0 0 0 1 1 0 1 0 0 0 0 0 1 0 1 1 0 0 1 1 0 1 1 0 1 0 1 1 1 0 1 1 0 0 1 1 1 1 1 1 1 1 1 0 0 0 0 1 1 0 0 0 0 1 0 1 1 1 1 1 1 1 1 0 1 0 0 0 1 1 0 0 0 0 0 1 1 1 0 1 1 
1 1 0 0 0 1 0 0 0 1 0 0 0 1 1 1 1 1 0 0 0 1 0 0 0 0 0 0 0 1 1 0 1 1 0 0 0 0 1 1 0 0 0 1 0 0 1 0 1 0 0 1 0 0 1 0 0 0 1 1 0 0 0 1 0 1 1 1 1 0 1 0 1 0 1 0 0 1 0 0 1 1 0 1 1 0 0 0 1 1 0 0 0 1 1 1 0 1 0 1 1 1 0 1 0 1 0 1 1 0 0 1 1 1 0 0 1 1 0 0 0 0 0 0 1 0 1 0 1 1 1 0 1 1 0 0 1 0 1 1 0 1 1 0 1 0 1 0 1 1 0 1 0 0 0 1 1 0 1 1 0 0 0 0 0 1 0 0 1 0 1 1 0 1 0 
0 0 0 0 1 1 0 0 1 0 1 1 0 1 1 1 1 1 1 1 1 1 1 1 1 0 1 0 0 1 0 0 0 1 0 0 1 1 0 0 1 0 0 0 0 1 0 0 1 1 1 0 1 0 1 0 1 1 0 0 0 1 1 0 0 1 1 1 1 0 0 1 0 0 1 1 0 0 0 0 1 0 1 0 0 0 0 0 1 0 1 1 1 0 0 0 1 0 1 1 0 1 0 1 1 1 1 1 0 0 0 0 1 0 0 1 1 1 0 0 0 0 0 1 0 1 0 0 0 1 1 0 1 0 1 1 1 0 0 1 1 0 1 0 0 0 0 0 1 1 1 1 0 0 1 0 1 0 1 1 0 1 1 0 0 0 0 1 1 0 0 1 1 0 1 
1 1 1 0 1 1 1 1 1 0 1 1 1 1 1 1 1 1 1 0 1 1 0 1 0 1 0 0 0 0 1 1 0 1 1 1 0 1 0 0 0 1 0 0 1 0 1 1 1 0 0 0 1 0 1 0 1 1 0 0 0 1 0 1 1 1 0 0 1 1 0 1 1 0 1 1 0 1 0 1 1 1 0 1 0 1 1 1 1 1 1 0 0 1 1 0 0 1 0 1 1 0 0 0 0 0 0 1 1 0 1 1 1 1 0 1 1 1 0 0 1 1 1 1 1 0 0 0 0 1 1 0 1 1 0 1 1 1 0 0 0 0 1 1 0 0 0 0 1 0 0 1 0 1 0 0 0 1 1 1 1 1 0 0 0 0 1 0 1 1 0 0 0 1 0 
1 1 1 1 1 0 1 1 0 0 0 0 1 1 1 1 1 1 0 0 1 0 0 1 1 0 1 1 0 0 0 0 0 1 1 1 1 1 1 1 0 0 1 0 1 0 1 0 0 1 0 1 0 1 0 0 0 0 1 1 0 0 0 0 1 0 0 0 0 1 1 1 0 0 0 0 0 0 0 1 0 1 0 1 1 1 0 0 0 1 0 1 0 1 0 0 1 1 1 1 1 0 0 1 1 0 0 0 1 0 0 1 1 0 1 1 1 0 1 0 1 0 0 1 1 0 1 0 0 1 0 1 0 0 0 1 0 1 0 1 0 1 0 1 0 0 0 1 1 0 0 1 0 1 0 0 0 1 1 1 1 0 0 0 1 1 0 1 0 0 0 0 1 1 0 
0 1 0 0 0 0 1 1 1 0 1 1 1 1 0 0 1 0 1 0 1 1 0 0 0 0 1 1 0 0 0 0 0 0 0 1 1 1 0 1 0 0 0 1 1 1 1 0 0 1 1 1 1 0 1 1 0 0 0 0 0 0 0 0 0 1 0 1 0 0 1 1 1 0 0 1 0 1 1 0 0 1 1 0 1 0 1 0 0 0 1 0 0 0 0 0 1 1 1 1 0 0 0 0 1 0 1 1 1 0 1 1 1 1 0 1 0 1 0 0 0 0 1 1 0 0 0 1 0 1 0 0 0 0 0 0 1 0 1 1 0 0 1 0 0 0 1 0 0 0 0 1 0 1 1 1 0 1 0 1 0 1 1 1 0 0 1 1 1 0 0 0 0 1 0 
1 1 0 1 0 1 0 1 1 1 0 0 0 0 1 0 0 0 1 1 0 1 1 0 0 1 1 1 0 0 0 0 0 1 0 1 0 0 0 0 1 1 0 0 1 0 0 0 0 1 0 1 1 1 1 0 0 0 0 1 0 0 0 0 1 0 1 0 0 0 1 1 0 1 1 1 0 1 1 1 1 0 1 0 0 1 0 1 0 0 1 1 1 0 0 1 0 0 1 1 0 0 0 0 1 1 1 1 1 0 0 1 0 1 1 0 1 0 0 1 1 1 1 0 1 0 0 0 0 1 1 1 1 1 0 1 1 0 0 1 1 1 1 1 0 0 1 1 0 0 1 1 0 1 1 1 1 0 1 0 1 0 0 1 0 0 0 0 1 1 0 1 1 1 1 
1 0 1 0 0 0 1 1 0 0 0 1 0 1 0 1 1 1 0 1 0 1 0 1 1 0 0 1 0 0 1 1 0 0 1 1 1 0 1 1 0 1 1 0 1 1 0 0 0 0 0 1 1 1 0 1 1 1 0 1 1 0 1 0 1 1 0 0 1 1 0 1 1 0 1 1 1 0 0 1 1 1 1 0 1 1 1 1 0 0 0 0 0 0 1 0 0 0 0 0 0 0 1 0 0 1 0 1 0 0 0 1 0 0 1 0 0 0 0 1 1 1 1 1 0 1 0 0 0 1 0 1 1 1 1 0 0 0 0 1 0 1 1 1 0 0 0 1 0 1 0 1 1 0 1 1 0 0 1 1 0 1 0 0 1 0 0 1 0 1 0 0 1 0 1 
0 0 0 1 0 1 1 0 0 1 0 0 0 1 1 1 0 1 1 0 0 0 0 1 0 1 0 0 0 1 1 0 0 0 1 1 1 0 1 1 1 0 1 0 0 1 1 0 1 0 1 0 0 1 1 0 0 0 1 1 0 1 0 1 0 0 1 1 1 0 1 1 0 0 1 1 0 1 1 1 0 1 1 0 1 0 1 0 1 1 0 0 1 0 1 0 0 0 0 1 1 0 0 1 1 0 1 1 0 0 1 1 0 0 0 1 0 1 1 0 1 1 1 0 0 0 1 0 1 1 1 0 0 1 0 0 0 1 0 1 1 1 1 1 1 0 0 0 0 0 0 0 0 0 0 1 0 0 1 0 0 1 0 0 1 0 1 0 1 1 0 0 0 0 0 
1 0 0 1 1 0 0 0 0 1 1 0 0 1 1 1 0 0 0 0 0 1 1 1 0 0 1 1 0 1 1 0 1 0 0 1 1 1 1 0 1 0 0 1 0 0 1 1 1 0 1 0 0 0 1 1 1 0 1 0 0 1 0 1 1 1 1 1 0 1 0 1 1 0 1 1 0 1 1 1 1 0 0 0 1 0 0 0 0 1 1 0 0 1 0 1 1 1 0 0 1 0 1 1 0 0 1 1 1 0 0 0 1 1 0 1 0 0 1 1 1 1 1 0 0 1 1 0 0 1 0 0 1 0 0 0 0 1 0 0 0 0 0 1 1 1 0 0 0 0 1 0 0 1 1 1 0 1 1 0 0 1 0 1 0 1 1 0 1 0 1 0 0 0 0 
1 1 0 0 1 0 1 1 0 0 0 1 0 1 1 1 1 0 1 0 0 0 1 1 1 1 0 0 0 0 1 1 0 1 0 0 1 0 1 0 1 1 1 1 0 1 1 0 1 1 1 1 0 0 1 1 1 1 0 1 0 1 1 0 0 0 1 0 1 0 1 1 1 0 1 0 1 0 1 1 0 1 0 1 0 0 1 1 0 0 0 0 0 1 1 1 1 1 1 0 0 1 1 0 0 0 1 0 1 0 0 1 0 0 1 1 0 1 1 1 0 0 1 0 1 1 1 1 1 1 0 0 0 1 1 1 1 0 1 1 1 0 0 1 1 0 0 1 0 0 0 1 1 1 0 0 0 0 0 0 0 0 1 0 0 0 0 0 0 0 0 0 0 0 1 
1 0 0 0 0 0 0 0 1 0 0 1 1 0 1 0 1 0 0 1 0 0 0 1 0 0 1 0 1 0 1 0 0 1 0 0 0 0 0 0 0 1 0 1 0 0 0 1 0 1 1 0 0 0 0 1 0 0 1 0 0 1 1 0 1 1 1 0 0 0 0 0 0 0 0 1 1 1 0 1 1 0 0 0 0 0 1 1 1 0 1 0 1 0 1 1 0 0 0 1 1 1 1 1 0 0 1 1 1 1 1 1 1 1 0 1 1 1 0 0 0 0 1 0 0 1 1 1 0 1 1 1 0 0 0 0 1 1 0 0 1 0 0 1 0 0 1 1 1 1 1 1 0 0 0 0 0 1 1 0 1 0 1 0 1 1 0 1 0 1 1 0 0 1 0 
1 0 0 0 1 0 0 1 0 1 0 0 0 0 0 0 1 0 1 1 1 1 1 0 0 0 0 1 1 0 0 0 0 0 1 0 0 0 1 0 1 0 0 0 1 0 1 0 0 0 1 0 0 0 1 1 0 1 0 0 1 0 0 0 1 0 0 1 1 0 1 1 1 0 0 0 1 1 1 0 0 0 1 1 0 1 1 0 0 1 1 1 1 1 1 1 1 1 0 1 0 1 0 0 1 1 1 1 0 1 1 0 1 1 1 0 1 1 1 1 0 0 0 0 0 1 1 1 1 0 0 0 0 1 0 0 0 1 1 0 1 1 1 1 1 1 0 1 0 0 1 1 1 0 1 0 0 0 1 1 1 0 1 0 1 0 0 0 1 1 0 1 1 0 1 
0 0 1 1 1 1 0 1 1 1 0 0 1 0 0 0 1 1 1 0 0 0 1 1 1 0 1 0 0 1 1 0 1 1 0 0 0 1 0 0 1 0 1 0 0 1 1 1 1 0 1 1 0 0 1 0 0 0 0 0 0 1 0 0 0 1 0 0 0 1 1 1 0 1 0 1 0 0 0 0 0 1 0 1 1 0 0 1 1 1 1 0 1 1 1 0 1 1 0 1 0 0 0 0 0 1 0 1 1 0 0 1 0 0 0 1 1 1 0 0 0 1 1 1 1 1 0 1 1 1 1 0 1 1 0 1 0 0 1 1 1 1 0 1 1 1 0 1 1 0 1 1 0 0 0 0 1 0 1 1 0 0 0 1 0 0 1 1 1 0 1 0 1 1 0 
1 0 1 1 0 1 1 1 0 1 0 1 0 1 1 0 0 1 1 0 1 0 1 1 0 0 1 0 1 0 0 0 0 0 0 0 1 1 1 0 1 0 0 0 1 1 0 1 1 0 1 1 1 1 0 1 1 1 0 0 0 0 0 0 0 1 0 0 1 0 0 1 1 1 0 0 0 1 0 0 1 0 1 0 1 1 0 0 1 1 1 0 0 1 1 0 1 0 0 0 0 1 1 1 1 1 1 1 0 1 1 0 0 1 1 0 1 1 1 0 0 1 1 1 0 0 1 1 1 1 0 0 0 1 1 0 1 1 0 0 0 1 1 1 1 0 0 0 1 1 1 1 0 1 1 0 0 1 0 1 0 1 0 0 1 1 0 1 0 0 0 0 0 1 1 
1 0 1 0 0 0 0 1 0 0 0 1 1 1 0 1 0 0 0 1 1 0 0 1 1 0 1 1 0 1 0 0 0 0 1 1 1 0 0 1 0 1 0 1 1 0 0 1 1 0 1 1 0 1 0 0 1 1 1 1 1 1 0 1 1 1 0 1 1 1 1 0 0 0 1 1 1 0 1 1 0 1 0 0 1 0 0 0 0 0 0 0 1 1 0 0 1 0 1 0 0 1 0 1 1 0 1 0 1 0 0 1 0 0 0 1 1 0 1 0 1 1 1 1 0 1 1 0 1 0 0 0 0 0 0 0 0 0 0 1 1 1 0 1 0 0 0 0 1 0 1 0 1 0 1 0 0 0 1 0 1 0 0 1 1 1 1 0 0 1 0 0 0 1 0 
0 0 0 1 1 0 0 0 1 1 1 0 1 0 1 0 0 1 0 0 1 0 0 1 1 1 1 0 0 0 1 1 0 1 1 1 1 0 1 0 1 0 0 0 1 1 1 0 0 1 0 1 1 1 1 0 0 1 0 1 1 1 1 1 1 1 1 1 0 1 0 0 0 1 0 0 0 1 0 1 1 1 1 0 1 0 1 1 0 0 1 0 0 1 1 0 1 1 1 1 0 1 1 1 1 1 0 0 1 0 1 1 0 0 0 0 1 1 1 1 0 1 1 1 1 1 1 0 0 1 0 0 0 1 1 0 0 0 1 0 1 0 1 0 0 1 1 0 0 0 1 0 0 1 0 1 1 0 1 0 0 1 0 1 1 0 1 1 0 1 1 0 0 1 0 
1 1 0 0 1 0 0 0 1 1 1 0 0 1 1 1 0 1 1 1 0 1 0 1 1 0 0 1 0 0 1 1 1 1 0 0 0 0 0 0 0 1 0 1 1 0 0 0 1 0 0 0 1 1 1 1 1 0 1 1 0 0 0 1 0 1 0 0 0 0 1 0 1 1 1 1 0 0 1 0 1 1 1 1 1 0 0 0 0 0 1 1 1 0 1 0 1 0 0 1 1 1 1 1 1 0 1 1 0 1 0 0 0 1 0 0 0 0 0 1 1 0 0 0 0 0 0 1 1 0 0 0 1 0 0 0 0 1 1 0 1 0 1 0 1 1 0 0 1 0 0 1 1 1 0 1 1 0 0 0 1 0 1 1 1 0 1 1 1 1 0 1 0 0 1 
0 1 0 1 0 0 1 0 1 1 0 0 1 0 0 0 0 1 1 0 1 1 1 1 0 1 1 0 0 0 1 1 1 1 1 1 1 1 1 1 0 1 1 0 0 0 0 1 0 0 1 1 0 0 0 1 0 0 1 0 0 0 1 1 1 1 0 0 0 0 0 1 0 0 1 0 0 0 0 0 1 1 0 0 0 1 1 1 1 1 0 0 1 1 0 0 0 1 1 1 1 1 1 0 1 0 0 1 1 0 1 1 1 1 0 1 0 1 1 1 0 0 1 0 1 0 1 1 0 0 0 1 0 1 0 0 0 1 1 0 1 0 1 0 0 0 1 0 0 1 1 1 1 1 0 1 1 1 0 1 0 1 1 0 1 1 1 1 1 1 1 1 1 0 0 
0 0 1 1 0 0 1 0 1 1 0 0 1 1 1 1 1 0 0 0 1 0 1 0 1 0 0 1 0 1 1 0 0 1 1 1 0 1 1 1 1 1 1 0 0 0 0 0 0 0 1 0 1 0 0 0 1 1 0 0 1 1 0 1 1 1 0 0 0 0 0 1 1 0 1 0 0 1 1 0 0 0 1 1 0 0 0 0 0 0 0 0 1 0 0 0 1 0 0 0 0 0 0 0 0 0 1 1 0 1 0 1 1 0 1 1 1 0 0 1 0 0 0 1 0 1 1 1 0 1 0 1 1 0 0 0 1 0 0 1 0 0 0 1 1 0 0 1 0 1 1 1 1 0 1 1 0 1 1 0 0 0 1 0 1 1 1 0 0 1 0 0 0 0 0 
1 1 0 0 0 1 1 0 1 1 1 1 1 1 0 1 1 1 0 1 1 0 1 1 0 1 1 0 1 0 1 1 0 0 1 1 0 1 1 1 0 1 1 0 0 0 1 1 0 0 0 1 1 0 1 0 0 1 1 1 0 1 0 0 1 0 1 1 1 1 1 1 1 0 0 0 0 0 1 1 0 1 1 0 1 0 1 1 0 1 1 0 0 0 1 0 0 1 0 0 1 0 1 0 1 1 1 0 0 1 1 1 1 1 0 1 1 0 0 1 0 1 0 0 1 1 0 1 0 0 1 0 1 1 1 0 0 1 0 0 0 1 0 1 0 0 1 1 0 1 0 0 0 0 1 0 0 1 0 1 1 1 0 0 0 1 0 0 1 1 0 1 0 0 0 
1 1 0 0 1 1 0 0 0 1 0 1 1 0 0 1 1 1 1 1 0 1 0 1 0 1 0 0 1 0 0 0 0 0 0 1 0 0 1 0 1 1 0 0 0 0 0 0 0 0 1 1 0 0 1 0 1 1 1 1 1 1 0 1 1 1 1 0 0 1 0 1 0 1 0 1 1 1 0 0 1 0 0 1 0 1 1 0 0 0 0 1 1 0 1 0 1 1 0 1 0 0 1 1 0 1 1 1 0 1 1 1 0 1 1 0 1 0 1 1 1 0 1 0 1 0 1 0 1 1 0 1 0 1 1 1 1 0 0 1 1 0 1 1 1 0 0 0 1 0 0 1 0 0 1 1 0 0 0 0 0 0 1 1 1 1 0 0 0 1 1 0 0 1 1 
1 1 0 0 1 0 0 0 0 0 1 1 1 1 0 0 1 0 1 1 1 1 0 0 1 1 1 1 0 1 0 0 1 1 0 1 1 1 0 0 0 1 0 0 0 1 0 0 0 0 1 1 0 1 0 1 0 0 0 1 0 1 1 0 1 0 0 1 1 1 1 0 0 0 0 0 0 0 1 0 1 0 0 0 1 1 0 0 0 0 0 0 1 0 0 1 1 1 1 0 1 1 0 1 1 1 1 0 0 1 1 1 0 0 0 1 0 1 0 0 1 0 1 1 0 1 1 1 0 1 1 1 0 0 0 0 1 1 1 0 1 0 1 0 1 1 1 0 1 0 1 0 0 1 1 0 1 0 0 1 1 0 1 0 1 1 1 0 0 1 0 0 0 1 1 
0 1 0 1 0 1 0 0 0 0 0 0 1 0 0 0 0 0 1 1 1 0 0 1 0 1 0 0 1 1 0 1 0 0 0 1 0 0 0 0 1 0 1 1 1 1 0 0 0 1 1 0 1 0 1 1 1 1 1 1 1 0 0 0 0 1 0 0 0 0 0 1 0 0 1 1 0 0 0 0 1 0 1 1 1 1 1 0 1 1 0 0 0 0 0 0 0 1 0 1 0 0 1 1 1 0 0 0 1 1 1 1 1 0 0 0 0 0 0 1 0 1 1 1 1 1 1 1 0 1 0 0 1 0 1 1 0 0 0 1 1 0 0 1 1 1 1 0 0 0 1 1 1 0 0 0 0 1 0 0 0 0 0 0 0 1 0 1 0 0 0 1 1 1 1 
1 1 0 1 1 0 1 1 0 1 1 0 0 0 0 1 0 1 0 1 0 1 0 0 0 0 0 0 1 1 1 0 0 0 1 0 0 0 1 1 0 0 1 1 1 0 1 1 1 0 0 0 0 1 1 1 0 0 1 0 1 1 1 0 0 0 0 1 0 0 1 0 1 1 0 0 0 1 1 0 1 1 0 1 1 0 0 1 1 1 0 1 1 1 1 1 0 0 0 0 1 0 0 0 1 1 0 1 1 1 1 0 0 1 0 0 1 1 0 1 0 1 1 1 0 0 1 0 0 0 1 1 1 1 0 1 0 1 1 0 0 1 1 1 1 1 0 0 0 1 1 1 1 0 1 0 0 1 0 1 0 1 0 1 1 0 0 1 0 0 0 0 0 1 1 
1 1 1 1 1 0 0 1 0 0 0 1 0 0 1 1 0 0 1 0 0 1 1 1 1 0 1 0 0 0 0 1 0 1 0 0 0 0 0 0 0 1 1 0 1 1 1 1 1 1 0 0 1 0 1 1 0 0 1 1 0 0 0 1 1 0 1 1 0 0 1 1 1 1 0 1 1 1 0 0 0 0 0 0 0 1 0 0 1 1 1 0 1 1 0 0 1 1 1 1 1 0 0 0 0 0 0 0 1 0 1 0 1 0 1 1 0 0 1 0 0 1 1 1 0 1 1 0 0 0 1 1 1 1 1 1 1 0 0 1 0 1 1 1 1 0 1 1 0 1 0 0 0 0 0 1 1 0 1 1 0 1 0 1 0 1 0 0 0 1 0 1 1 0 1 
1 1 1 1 0 1 1 0 0 1 0 0 0 0 0 0 1 0 1 0 1 1 1 1 0 1 1 0 1 1 0 0 0 0 0 1 1 0 0 1 1 0 0 1 1 1 0 1 1 1 1 0 0 0 0 1 1 0 1 1 1 0 0 1 1 0 1 0 0 1 0 0 1 1 0 1 0 1 1 1 1 0 1 0 0 0 0 1 1 0 0 1 1 1 0 0 1 0 1 1 0 1 1 1 1 1 1 0 1 1 1 0 1 0 1 0 1 1 1 0 1 0 0 1 0 1 0 1 1 0 1 0 1 0 0 0 0 1 1 1 0 1 0 1 1 1 0 0 1 0 1 0 0 1 0 0 0 0 0 0 1 1 1 0 0 0 1 1 0 0 1 0 0 1 0 
1 0 0 0 0 0 0 1 1 0 0 1 1 0 0 1 0 1 0 1 0 0 0 1 1 0 1 1 1 1 1 0 1 0 1 1 1 0 0 0 1 0 0 1 0 1 1 1 1 1 0 1 0 1 0 1 0 0 0 1 1 0 0 0 0 1 0 0 0 0 1 0 1 1 1 1 0 0 1 1 0 0 0 0 1 1 1 0 1 0 0 1 1 1 1 1 1 1 1 0 0 1 1 1 1 0 1 0 0 1 1 1 1 0 0 0 0 0 0 0 1 1 0 0 0 0 1 1 1 1 1 1 1 0 0 1 0 0 0 0 1 1 0 1 0 0 1 0 1 1 0 1 1 0 1 0 1 1 1 1 1 1 1 1 0 0 0 0 0 0 1 1 0 1 1 
1 1 1 0 1 0 1 0 0 1 1 0 0 0 1 0 1 0 1 1 1 1 0 0 1 1 0 0 1 0 1 1 0 0 0 0 0 1 0 1 1 1 0 0 0 1 0 1 1 1 1 0 1 0 0 0 1 0 1 1 0 1 1 0 1 1 1 1 1 1 1 1 1 1 0 0 0 0 0 1 1 0 1 0 1 0 0 0 0 1 1 1 0 1 0 1 1 1 1 0 0 0 1 1 0 1 0 1 1 0 0 1 0 0 0 0 0 0 0 0 0 0 1 1 0 0 0 0 0 0 1 0 1 1 0 0 0 1 1 0 1 0 0 0 1 0 0 0 1 0 0 0 1 1 1 0 1 0 1 0 0 0 1 1 1 0 1 0 1 0 1 0 0 0 1 
1 0 1 1 1 1 1 1 1 0 1 1 0 0 0 0 1 1 0 0 0 0 0 0 0 1 1 0 1 0 1 1 1 1 1 1 1 0 0 0 0 1 0 1 0 0 1 1 1 1 1 1 1 1 0 0 0 0 0 0 0 0 1 0 0 1 0 0 0 0 0 0 0 1 0 1 1 0 0 0 0 1 1 0 1 1 0 0 0 1 0 0 0 0 0 1 0 0 1 0 0 1 1 1 1 0 0 0 1 0 1 0 0 1 0 0 0 0 1 0 0 1 0 0 1 1 1 1 1 1 0 0 1 0 1 1 1 0 0 1 1 1 1 0 0 0 1 0 0 1 1 0 1 0 1 1 1 0 1 1 1 1 0 0 0 0 0 0 1 0 1 0 1 1 0 
0 0 1 0 0 1 1 1 1 0 1 1 1 0 1 1 1 0 0 0 0 0 1 1 1 1 1 0 0 1 1 1 1 1 0 1 1 1 0 1 1 0 1 1 0 1 0 0 1 0 1 1 0 0 0 0 0 0 0 1 1 1 1 1 1 1 0 0 1 1 0 0 0 0 0 1 1 1 1 1 1 1 1 0 1 0 1 0 1 0 1 1 1 1 1 1 0 1 0 0 0 0 1 0 1 1 1 1 0 1 1 1 0 0 1 0 0 0 1 0 1 0 0 1 1 1 0 0 1 1 0 0 0 1 1 0 0 1 1 1 1 0 0 0 0 0 0 1 1 1 1 0 1 1 1 0 0 0 0 1 0 0 0 1 0 1 1 1 0 0 0 0 1 0 0 
0 0 0 0 1 1 1 1 0 1 1 1 1 1 0 0 1 0 1 0 0 1 1 1 1 1 0 1 0 1 0 0 1 0 1 1 1 1 0 0 0 1 0 1 1 0 1 1 0 0 1 1 1 1 1 1 0 0 0 1 1 1 0 1 0 1 0 0 1 0 1 1 0 0 0 1 0 1 1 0 1 1 1 0 0 0 1 0 1 0 0 0 0 1 0 1 0 0 1 0 0 1 1 1 1 1 1 0 0 1 0 1 1 1 0 1 0 1 1 1 1 0 0 1 0 1 0 0 1 1 1 1 0 0 0 0 0 1 0 0 1 1 0 1 0 1 0 1 1 1 0 0 0 1 0 0 1 0 1 0 0 0 1 0 0 0 0 0 0 0 1 1 1 1 1 
1 1 0 0 0 1 0 0 1 0 0 1 1 1 0 1 1 0 0 1 1 0 1 0 0 1 1 0 0 0 1 1 0 1 1 1 0 0 1 1 1 0 0 1 0 1 1 0 1 1 0 1 0 0 1 0 0 0 1 0 0 1 1 1 1 0 0 1 0 1 0 0 0 1 0 1 0 0 1 1 1 0 1 1 1 0 1 0 0 1 0 0 1 1 1 0 1 0 0 1 1 0 0 0 1 1 1 0 1 1 1 0 0 1 0 0 0 1 1 1 0 0 1 0 0 0 1 0 0 0 0 0 0 0 0 1 1 1 1 0 1 1 0 0 1 0 0 0 1 1 1 1 0 0 0 1 1 1 0 1 0 1 1 1 1 1 1 0 0 0 0 0 1 1 1 
0 1 1 0 0 0 0 0 1 1 0 1 0 1 0 1 1 1 1 1 1 0 0 0 1 1 0 1 1 0 0 0 0 0 1 1 0 1 0 0 1 1 0 1 0 0 0 0 1 1 1 1 0 0 1 1 0 1 0 0 1 1 0 1 0 0 0 1 1 1 1 0 0 0 0 1 0 0 0 0 1 0 0 1 1 0 0 0 1 0 0 0 1 1 1 0 1 1 1 1 1 1 0 1 0 0 0 0 0 1 1 1 0 0 0 1 0 1 0 0 1 1 1 0 0 1 0 0 1 0 1 1 0 0 0 1 0 1 0 1 0 0 0 1 1 0 0 0 1 1 0 0 1 0 1 1 1 1 0 1 1 0 1 0 1 0 0 1 1 0 1 0 0 1 1 
1 0 1 1 0 0 1 1 0 0 0 1 0 0 0 0 1 0 0 1 1 0 0 0 1 0 1 0 0 1 1 1 0 1 1 0 0 1 0 1 1 1 0 0 0 1 0 1 1 1 1 0 0 1 0 1 0 0 0 0 0 0 0 0 0 1 0 1 0 1 0 1 1 0 0 1 1 1 0 0 0 0 0 0 0 1 0 0 0 1 1 0 0 0 1 0 1 0 0 1 1 1 1 1 0 0 1 1 1 1 0 0 1 1 1 1 1 1 1 0 0 1 1 0 1 0 1 0 1 0 0 1 0 1 1 0 1 1 1 1 1 0 1 1 1 0 1 1 1 1 0 0 1 0 1 1 0 0 0 0 1 1 1 1 0 1 1 0 1 1 1 0 0 0 1 
1 1 1 1 1 1 1 0 0 0 0 0 1 0 1 0 0 1 0 0 0 1 0 0 1 0 1 1 1 1 0 0 1 1 0 0 1 1 0 1 0 1 0 0 1 1 0 1 1 0 1 1 1 1 1 1 1 0 1 1 0 1 1 0 1 1 0 1 0 1 0 0 0 1 0 0 0 0 0 1 1 0 0 1 0 1 1 0 1 1 1 1 1 0 1 1 1 0 0 1 1 0 0 0 1 1 1 1 0 1 1 0 1 0 0 1 0 1 0 0 0 0 0 0 0 0 1 1 0 0 0 1 1 0 0 0 0 1 1 1 0 0 1 0 1 1 0 1 0 0 0 1 1 0 0 1 0 0 0 1 1 1 0 0 0 1 1 0 0 0 1 0 1 1 0 
0 1 1 0 0 0 0 0 0 0 0 1 1 0 0 1 1 0 0 0 0 1 1 1 1 0 0 0 1 0 0 1 1 0 0 0 1 1 0 0 1 0 1 1 1 1 1 0 0 0 1 0 0 0 0 1 0 0 0 1 1 0 0 1 0 0 0 0 1 1 1 0 1 1 1 1 0 1 0 0 0 1 1 1 1 1 0 0 1 0 0 1 1 1 0 1 0 0 1 1 0 0 1 1 0 0 0 1 1 0 1 1 0 1 0 0 1 0 1 0 0 0 0 0 0 1 1 0 1 1 1 0 0 0 1 1 0 0 1 0 0 1 0 0 1 1 1 1 1 1 0 1 0 1 1 0 1 0 0 1 1 1 0 0 1 0 1 0 0 0 0 1 0 0 1 
1 0 0 0 1 0 1 0 0 0 1 0 1 0 1 0 0 0 0 0 0 1 0 0 0 0 1 0 1 1 1 0 1 0 0 1 0 1 1 0 1 0 1 0 1 1 1 1 1 0 0 0 0 0 0 1 1 0 0 1 1 0 0 1 0 1 1 0 0 0 1 0 1 0 1 1 1 0 0 1 0 1 1 0 0 1 0 0 0 1 1 1 1 1 1 1 0 1 0 1 0 1 0 1 0 0 0 0 0 1 0 0 0 1 0 1 0 1 0 0 1 1 0 0 1 1 0 1 0 0 0 1 1 1 0 1 0 1 0 1 1 1 0 0 0 1 1 0 0 1 0 1 1 0 1 1 1 1 1 1 1 1 1 1 0 1 0 1 1 0 1 1 0 1 1 
1 1 0 1 1 0 0 1 0 1 0 1 0 0 1 0 0 1 1 0 0 1 1 1 1 0 1 1 1 0 0 0 1 1 1 0 0 0 0 0 1 0 1 1 1 1 0 1 1 0 1 1 1 0 1 1 0 1 1 0 0 0 0 0 1 0 0 1 1 1 0 0 1 0 0 1 1 1 0 0 0 0 0 0 0 1 0 1 0 0 0 0 1 1 0 0 1 1 0 0 0 0 1 0 0 1 0 0 1 0 0 1 0 0 0 1 1 1 1 1 0 1 0 0 0 1 0 1 0 1 1 1 0 1 1 1 1 1 0 1 0 1 0 1 0 1 1 1 1 0 1 0 1 1 1 1 0 1 0 1 1 1 0 1 1 1 1 1 0 0 1 1 0 1 1 
1 0 0 0 1 1 1 1 1 1 0 1 0 1 1 0 0 1 1 0 0 0 0 0 1 0 1 1 0 0 1 0 0 0 1 1 1 1 1 1 0 1 0 0 0 0 0 0 0 0 0 0 1 1 0 1 0 1 1 0 0 1 1 0 0 1 0 1 1 1 0 0 1 0 1 1 1 0 1 0 1 0 1 0 0 1 1 1 0 0 0 0 1 0 1 0 1 1 0 1 1 1 0 1 1 1 1 1 1 1 0 0 0 0 1 1 1 1 1 0 1 1 0 1 1 1 1 1 0 1 1 1 0 1 0 1 1 1 1 0 1 0 0 0 1 1 1 0 0 1 1 1 1 1 1 1 0 0 0 0 0 1 1 1 0 0 1 1 0 0 1 1 0 0 0 
0 0 1 1 1 0 0 1 0 0 0 1 0 0 1 0 1 1 0 0 0 0 1 0 1 0 1 0 0 1 0 0 0 0 0 1 1 1 0 1 1 0 1 1 1 0 1 0 0 0 1 1 1 1 1 0 0 0 1 1 0 1 0 0 1 0 0 0 1 0 0 1 1 1 1 0 0 0 0 1 1 1 1 1 0 1 1 0 1 1 0 1 0 0 0 0 1 1 0 0 0 0 1 1 0 1 1 1 1 1 1 1 0 1 1 0 1 0 0 0 1 0 1 1 0 0 1 1 1 0 1 1 1 0 1 1 0 0 0 1 0 0 0 0 0 1 0 1 0 0 0 1 0 0 0 1 0 1 1 1 1 1 1 0 0 1 1 0 1 1 1 0 1 0 0 
1 0 1 0 0 0 0 0 0 1 0 1 0 1 0 0 1 0 0 1 1 0 1 1 1 1 1 1 1 1 1 0 1 0 1 0 1 0 0 0 1 0 1 1 0 0 0 1 1 1 1 1 1 0 0 1 1 0 1 0 1 1 0 1 1 1 0 0 1 0 0 0 1 1 0 0 0 0 0 1 1 1 0 0 1 0 0 0 1 1 1 0 1 1 1 1 1 0 0 0 0 1 1 0 1 0 1 1 1 1 1 1 0 1 1 1 1 1 1 0 0 0 1 0 0 1 1 0 1 1 0 0 0 0 1 1 0 0 0 1 0 1 1 1 0 1 0 1 0 0 1 1 0 1 0 1 1 0 1 0 1 1 0 1 1 1 1 1 0 1 0 0 1 1 1 
1 0 0 0 0 1 1 1 0 1 1 1 1 0 0 0 1 1 0 1 1 1 0 0 0 0 0 1 0 0 1 1 0 0 1 1 1 1 0 1 0 1 0 0 0 0 0 1 0 1 1 1 1 0 0 0 1 1 1 1 1 1 1 0 0 0 1 0 1 0 0 0 0 0 1 1 1 1 0 0 1 1 0 0 0 0 1 1 0 1 1 0 1 1 0 1 1 1 1 1 0 1 1 0 0 0 1 0 1 0 0 1 0 0 0 0 1 0 1 1 1 1 1 0 0 0 1 0 1 1 0 1 0 1 1 0 0 1 0 1 1 1 0 0 1 0 1 1 1 0 1 1 0 1 1 1 1 1 0 1 1 0 1 1 0 1 0 1 1 1 0 0 1 1 0 
0 0 0 0 1 1 1 1 0 0 0 0 1 1 1 0 1 0 0 0 1 0 1 1 1 0 0 0 0 1 0 0 1 1 0 0 1 1 1 1 0 1 0 1 1 0 1 0 0 0 1 0 0 1 1 0 1 0 1 0 0 1 1 1 0 1 1 1 0 1 1 0 0 1 0 0 0 1 0 0 0 0 1 0 1 0 0 0 1 0 0 1 1 0 0 0 1 0 1 0 0 0 0 1 0 1 0 1 0 0 1 1 0 1 1 1 0 1 1 1 1 1 0 1 0 1 0 1 1 1 1 0 1 0 1 1 0 0 0 1 0 1 0 1 1 0 1 1 1 0 1 1 0 1 0 0 1 1 1 0 1 0 0 1 1 1 1 1 1 1 1 1 0 1 1 
0 1 1 1 0 0 0 0 0 0 1 0 1 0 1 0 0 1 1 1 1 1 1 1 1 1 0 1 0 0 0 1 1 1 1 1 1 1 1 1 1 0 0 1 0 1 1 0 0 1 1 1 1 1 0 1 0 0 0 0 0 1 1 1 1 0 0 1 0 0 0 1 1 1 0 1 1 1 0 0 0 0 1 0 0 0 1 0 1 0 0 0 1 0 1 1 0 0 0 0 0 0 0 1 1 1 1 1 1 1 0 0 0 0 1 0 0 0 1 0 0 1 1 1 0 1 0 1 1 0 1 0 0 0 0 0 0 1 1 0 0 0 1 0 0 0 0 1 1 1 1 0 0 0 0 1 1 0 1 0 1 0 0 1 1 0 0 0 1 0 1 1 0 1 1 
1 0 0 0 0 0 0 0 0 1 0 0 0 1 0 1 0 1 1 1 0 0 0 0 1 0 0 1 1 1 1 1 1 0 1 0 0 1 1 1 1 0 0 0 0 1 0 1 1 0 1 1 1 0 1 1 0 0 0 0 1 0 0 1 0 0 0 0 1 0 0 1 1 0 0 0 1 0 0 1 0 0 1 1 1 1 0 0 1 1 0 1 1 0 1 1 0 0 1 1 0 0 0 0 0 1 1 1 0 0 1 1 0 1 0 0 0 0 1 0 0 0 0 0 1 1 0 0 1 0 1 1 1 0 1 1 1 0 1 0 0 1 1 0 1 1 0 0 1 1 1 0 1 1 1 1 1 1 1 1 0 1 0 0 1 0 0 1 1 0 1 1 0 0 1 
0 0 1 0 0 0 1 0 1 1 1 1 1 0 1 1 0 1 1 1 1 0 0 1 0 0 0 1 0 0 0 0 0 0 1 0 0 0 1 1 0 0 0 0 1 0 1 1 1 0 0 1 0 0 1 0 1 0 1 1 0 1 0 1 0 1 1 1 0 1 1 0 1 1 1 0 1 0 1 0 1 1 1 1 1 1 1 0 1 1 1 1 1 1 1 0 0 1 1 1 0 1 1 1 0 0 0 0 0 0 0 1 0 1 0 1 0 0 1 0 0 1 0 0 1 0 0 1 0 0 0 0 1 1 0 1 0 0 0 1 1 0 0 0 0 1 0 1 1 1 0 0 1 1 1 1 1 1 1 1 0 0 1 0 0 1 0 1 1 1 1 0 1 0 0 
0 0 1 1 0 1 1 1 1 1 1 1 1 1 0 0 1 0 1 0 0 1 1 0 0 0 1 1 1 0 0 0 0 1 1 1 1 1 1 0 0 0 1 0 0 0 1 1 1 1 1 1 1 1 1 0 0 0 0 0 1 1 1 0 1 0 1 1 0 0 1 0 0 0 0 1 1 0 0 0 1 0 1 1 1 1 1 0 1 0 0 1 0 1 0 1 0 0 1 1 1 0 0 0 1 1 1 1 0 0 1 1 0 1 1 0 1 1 0 1 0 1 0 0 1 1 1 1 0 1 1 0 0 0 1 1 1 1 0 0 1 0 1 0 1 1 1 0 0 0 1 1 1 1 0 0 1 1 1 1 1 0 1 1 0 1 0 1 1 0 1 1 0 1 1 
1 1 0 1 1 1 0 1 0 0 1 1 1 1 0 0 1 0 0 1 0 0 1 1 0 0 1 0 1 1 1 1 1 0 1 1 1 0 1 1 0 0 1 1 0 1 0 1 1 1 0 1 1 1 0 0 0 1 0 0 1 1 0 1 0 0 0 1 0 1 1 1 0 0 0 1 1 0 1 1 1 1 0 0 0 1 0 0 1 0 0 1 1 1 1 1 0 1 1 1 0 1 0 1 0 1 1 1 1 1 1 1 1 0 0 1 0 1 0 0 0 0 0 0 1 0 0 0 0 0 0 0 1 0 1 0 1 1 0 0 1 1 0 0 1 0 0 1 0 0 0 1 0 0 0 0 0 0 1 1 0 1 0 0 0 1 1 0 1 1 0 1 1 1 1 
1 1 1 0 0 1 1 1 1 1 0 0 0 1 1 1 1 0 1 0 1 1 1 1 0 1 1 0 0 0 0 0 0 1 0 0 1 0 0 0 1 0 0 0 1 0 0 0 1 1 1 0 1 1 1 0 1 0 0 0 0 1 0 1 0 0 0 0 0 1 1 1 1 1 0 0 0 1 1 1 0 1 1 0 0 0 0 0 1 1 0 0 1 1 1 1 1 1 1 0 0 0 1 0 0 0 1 0 1 0 0 0 0 1 0 0 0 1 0 0 0 1 1 0 1 1 0 1 0 0 1 0 0 1 1 0 1 1 0 1 0 1 0 0 0 1 1 1 0 1 0 0 1 1 1 1 1 0 1 1 0 1 0 1 0 1 1 1 1 1 1 0 0 1 0 
1 1 1 0 1 1 1 0 0 0 0 1 1 1 0 0 1 0 0 1 0 1 1 1 1 1 1 0 0 0 0 1 0 0 1 0 1 0 1 0 0 0 0 0 0 1 1 0 1 0 1 1 0 0 0 0 0 1 1 0 0 1 1 1 1 1 1 1 1 1 0 1 1 0 0 0 1 0 1 1 0 0 0 0 1 0 0 0 1 1 1 0 1 0 1 0 0 1 1 1 1 1 1 1 0 0 1 0 0 0 0 1 1 0 0 0 1 1 1 0 0 1 1 1 1 1 1 1 1 0 0 0 1 1 1 1 0 1 1 0 1 0 0 0 1 1 1 0 1 0 0 1 0 0 0 1 1 1 1 0 1 1 1 1 0 1 0 0 1 0 1 0 1 0 1 
0 1 0 1 1 1 0 1 1 0 1 0 1 0 0 1 0 0 0 0 1 1 0 1 0 0 1 1 1 0 0 1 0 0 1 0 0 0 1 1 0 0 1 1 1 0 1 1 0 0 1 1 0 0 0 0 1 0 0 0 0 0 0 1 0 0 0 1 0 1 0 0 0 0 0 1 0 1 0 0 1 1 1 1 1 1 0 1 0 1 1 0 1 1 1 0 1 1 1 0 1 0 0 1 1 1 0 0 1 0 0 0 1 1 0 1 0 1 0 1 0 0 0 1 1 0 0 1 1 0 0 0 1 0 1 1 0 0 0 1 0 0 0 1 0 0 1 0 1 1 0 1 1 0 0 0 1 1 0 0 0 0 0 0 0 1 1 0 0 1 1 0 0 1 0 
0 0 0 1 1 0 1 1 1 0 1 1 0 1 0 1 1 0 1 1 1 1 1 0 1 0 1 0 0 1 1 0 1 1 0 1 0 1 1 1 0 0 1 1 1 0 0 0 1 0 1 1 0 0 1 1 0 1 1 0 0 0 1 1 0 0 1 1 1 1 0 0 1 1 0 1 0 0 1 0 1 1 1 0 0 1 0 1 1 0 0 0 1 0 0 0 0 1 0 1 0 1 1 1 0 1 0 1 1 0 0 0 0 1 0 1 0 0 0 0 0 1 0 1 1 0 1 1 1 0 1 1 0 0 0 1 1 0 1 0 1 1 1 0 1 1 1 0 0 1 1 1 1 0 0 1 0 1 1 0 0 1 1 1 1 1 0 1 1 1 1 0 0 0 1 
1 0 1 0 0 0 1 0 0 0 1 1 0 0 1 1 0 0 0 1 1 0 0 0 1 0 1 0 1 0 1 0 0 1 0 0 0 0 0 0 1 1 1 0 1 1 1 1 0 0 1 1 0 0 0 1 1 0 0 1 1 1 0 1 1 0 0 0 0 1 1 0 0 1 1 1 0 1 0 0 0 1 0 1 1 1 0 0 0 0 1 1 1 0 0 1 0 0 0 1 1 0 1 1 0 0 1 0 0 1 0 0 1 0 0 0 1 1 1 1 1 1 0 0 1 1 1 1 1 0 0 0 0 0 0 1 0 1 1 0 1 0 1 0 1 0 1 0 1 0 0 0 0 0 0 1 0 0 1 0 0 1 0 0 1 0 0 1 1 0 0 0 1 1 0 
1 1 0 1 1 1 0 1 0 1 1 0 0 1 0 1 0 1 0 0 0 0 0 1 1 0 1 0 0 0 1 1 1 0 0 0 0 0 1 0 0 0 0 1 0 0 1 0 0 0 0 1 1 1 0 0 1 1 1 0 1 0 1 1 1 1 0 1 1 0 1 1 1 0 1 0 0 0 0 0 1 0 0 1 1 0 0 1 0 1 1 1 1 0 0 1 0 1 0 0 1 1 1 1 1 0 0 1 0 1 0 1 1 1 1 1 0 1 1 1 1 0 0 1 0 1 1 1 1 1 1 0 0 1 0 1 0 1 0 1 1 1 1 0 1 0 0 0 0 1 1 0 1 0 1 0 0 1 1 0 0 1 0 0 0 1 0 1 1 0 1 0 0 1 0 
1 0 0 0 0 0 0 1 1 0 1 1 1 1 0 0 1 0 0 1 0 1 1 0 0 0 0 1 0 0 0 1 1 0 1 1 1 1 1 1 1 0 1 0 0 0 1 0 1 0 1 1 1 0 0 1 1 0 0 0 0 1 1 1 0 1 0 1 1 0 0 1 0 0 0 0 1 1 0 0 0 0 0 0 0 0 0 1 0 0 1 1 1 0 0 0 1 0 0 0 1 0 1 1 1 0 1 1 0 0 1 0 0 1 0 1 1 1 1 1 0 1 1 0 1 1 0 0 0 0 0 1 1 0 0 0 0 1 0 1 0 0 0 1 0 1 0 1 0 0 1 0 1 0 1 0 0 0 1 0 0 0 1 1 0 1 0 1 0 0 0 1 0 1 1 
0 1 1 1 0 1 1 0 0 1 0 1 1 0 0 1 0 1 0 0 0 1 1 1 0 1 1 0 1 0 1 0 0 1 1 1 0 1 1 0 0 0 0 0 1 0 0 0 1 1 1 1 1 0 0 1 1 1 1 0 1 1 1 1 0 1 1 1 1 0 0 0 0 1 1 0 0 1 0 0 0 0 1 0 0 1 0 1 0 1 1 0 0 0 1 0 0 0 1 0 1 0 1 1 1 1 0 1 1 1 0 1 0 0 1 1 0 0 1 1 0 1 1 1 0 1 0 0 1 0 1 0 1 0 1 1 0 1 0 1 1 1 1 0 0 0 1 0 0 0 0 1 0 0 0 0 0 0 1 1 1 0 1 1 1 0 0 1 0 1 0 0 0 1 1 
0 0 0 1 0 1 1 0 0 1 0 1 0 1 1 1 1 0 0 1 1 0 1 0 0 0 0 0 1 0 0 0 1 1 1 0 0 1 0 1 0 0 1 1 0 0 0 0 0 1 1 1 1 0 1 1 1 0 1 1 1 1 0 1 1 1 0 1 1 1 0 1 1 1 1 0 1 1 0 1 1 0 0 1 0 1 1 0 0 1 1 1 0 0 1 0 0 1 0 1 0 1 1 1 1 0 0 0 0 1 0 1 0 1 0 1 0 1 1 1 0 1 0 1 0 1 0 0 1 1 1 1 1 1 0 1 1 1 1 0 0 0 0 1 1 0 1 0 0 0 1 1 0 0 0 0 0 0 1 1 1 1 1 0 0 1 1 0 1 1 1 1 0 0 1 
1 1 0 0 1 0 1 1 1 0 0 1 0 1 0 0 0 0 0 1 0 1 0 0 0 1 0 0 0 0 1 0 1 1 0 1 0 1 1 0 1 1 0 1 1 1 1 1 0 0 0 0 0 0 0 1 0 0 0 1 0 0 0 1 0 0 1 1 0 1 1 1 0 0 1 0 1 1 1 1 0 0 1 0 1 1 1 0 0 1 1 1 0 0 0 1 1 1 0 0 1 0 1 1 0 1 0 0 0 0 0 0 0 0 1 1 0 1 1 0 1 0 0 1 1 0 1 1 0 0 1 1 1 1 0 1 0 1 0 1 1 0 1 1 0 0 0 0 0 1 1 1 1 0 1 0 1 0 1 1 1 1 1 1 1 1 1 1 0 0 0 1 0 1 1 
0 0 1 0 0 1 0 0 0 1 0 0 0 0 0 0 0 0 1 1 1 1 1 0 1 0 1 1 1 1 1 0 0 0 0 0 0 0 0 1 1 1 1 0 0 0 0 1 1 0 0 0 1 0 0 0 1 0 0 0 0 1 1 0 1 1 1 1 0 1 0 1 1 1 1 1 0 0 0 1 1 0 1 0 0 0 1 0 1 1 0 1 1 1 1 0 1 1 1 0 0 0 0 1 1 1 0 0 1 1 1 0 0 0 1 0 1 0 0 0 0 0 1 1 1 1 1 1 0 0 1 0 1 0 1 0 1 1 0 0 0 0 1 1 0 1 1 1 0 1 0 0 1 1 1 0 0 0 0 1 0 1 1 1 0 1 1 0 1 1 1 1 1 0 0 
0 0 1 0 0 0 0 0 1 0 0 0 0 0 1 0 1 1 1 1 1 1 0 0 0 0 0 1 0 1 1 0 0 0 0 0 1 0 1 1 1 1 0 1 1 0 1 1 1 0 0 0 0 1 0 1 0 1 1 1 0 0 0 1 0 0 0 1 0 1 0 0 0 0 0 1 1 0 1 1 0 1 0 0 0 0 0 0 1 0 0 1 0 1 1 1 0 0 1 0 1 0 1 0 1 0 1 1 1 1 1 0 0 1 0 0 0 0 0 0 1 0 0 0 0 1 0 1 1 1 0 1 0 0 0 1 0 1 0 1 0 1 1 1 1 1 1 0 1 0 1 1 0 0 1 0 0 1 0 0 1 0 1 1 1 1 1 0 0 0 1 0 1 1 0 
1 0 1 0 1 0 1 0 0 1 1 0 0 1 0 1 0 1 1 1 1 0 0 0 1 0 1 1 1 0 0 0 0 1 0 0 0 1 0 1 0 1 0 0 0 1 1 1 1 0 0 1 0 0 0 0 0 1 1 0 0 1 1 0 1 0 1 0 1 0 0 0 0 0 0 0 0 0 1 1 0 0 1 0 0 0 0 0 0 0 0 1 0 1 0 1 1 1 1 1 1 0 0 1 1 0 0 1 0 1 1 1 1 0 1 1 1 0 1 1 0 0 1 1 0 1 1 0 1 0 0 0 0 1 0 0 0 0 1 1 0 1 1 1 0 0 0 1 1 0 0 1 1 0 1 1 1 1 0 0 1 1 0 0 1 1 0 0 0 0 0 1 1 1 1 
1 0 0 0 0 0 0 1 0 1 1 0 1 1 0 0 1 1 1 0 1 0 1 1 0 0 1 0 1 1 1 1 1 0 0 0 0 0 1 1 0 0 0 1 1 0 1 0 1 0 0 0 0 1 1 1 0 0 0 0 1 0 0 1 1 1 1 1 0 1 0 0 0 1 0 0 1 0 0 1 0 0 0 1 0 0 0 0 1 0 1 1 1 0 0 0 0 1 0 0 1 1 0 0 1 0 1 0 0 1 0 1 0 1 0 0 1 0 1 0 1 1 0 1 0 1 1 1 0 1 0 1 1 0 1 1 0 1 0 0 0 1 1 0 0 0 1 1 0 1 1 0 0 0 1 0 0 1 0 1 1 1 0 1 0 1 0 1 1 0 1 1 0 1 0 
0 1 1 1 1 1 1 0 0 1 0 1 1 1 0 0 0 0 0 0 1 1 1 0 1 1 0 1 0 1 1 0 0 0 1 1 1 1 1 1 0 1 1 1 0 1 0 0 1 0 0 0 0 1 0 0 0 0 0 1 1 0 0 0 0 1 0 1 1 0 0 1 1 1 0 1 0 0 0 1 1 1 1 0 0 1 0 0 0 1 0 1 0 0 0 0 1 0 0 0 0 1 0 1 1 0 0 0 1 1 1 0 0 0 0 0 1 1 0 0 1 0 0 1 0 1 0 1 0 0 1 1 0 0 1 0 0 1 1 0 0 0 0 1 0 1 1 1 0 1 0 1 1 1 0 1 1 1 1 0 1 1 0 1 1 1 1 0 1 0 1 0 0 0 1 
1 1 1 0 0 1 1 0 1 0 1 1 0 0 0 1 0 1 1 0 1 1 0 1 0 1 1 0 1 1 1 0 0 0 0 1 1 0 0 0 1 0 1 1 0 0 0 1 1 1 1 0 1 1 0 0 0 1 0 0 0 1 1 1 1 0 1 0 0 1 0 0 1 0 1 0 1 0 1 0 0 1 0 0 0 1 1 0 1 0 0 1 0 1 0 1 1 0 0 0 1 1 0 1 1 1 1 0 1 1 1 1 1 1 0 1 1 0 0 1 0 0 0 0 0 0 0 0 1 1 0 1 0 0 1 0 0 1 0 0 1 1 1 0 1 1 1 0 1 0 0 1 1 1 0 1 1 1 0 0 1 1 0 1 0 0 1 0 1 0 1 1 1 0 0 
0 1 0 0 0 1 1 1 1 0 0 0 0 1 1 1 1 0 1 1 0 1 0 0 1 0 0 0 1 0 0 0 1 1 0 1 1 0 1 1 0 1 0 0 1 1 1 0 0 1 1 1 0 0 1 0 1 1 1 1 1 1 0 1 1 1 0 1 0 0 1 0 1 1 1 1 1 1 0 0 1 0 1 0 1 1 1 1 0 0 0 1 1 1 0 0 0 0 0 0 1 1 0 0 0 0 0 1 0 1 1 0 0 0 0 1 1 0 1 1 1 1 0 0 0 1 0 1 0 0 0 1 1 1 0 1 1 1 0 1 1 1 0 0 0 1 0 0 0 0 1 1 0 1 0 0 0 0 1 1 1 0 0 1 0 0 0 0 0 1 0 0 1 1 1 
0 1 1 0 1 0 1 1 0 1 0 0 1 1 0 1 1 1 1 1 0 1 1 1 0 1 0 0 1 1 0 1 0 0 1 0 1 0 0 0 1 0 0 1 1 0 0 0 0 0 1 0 1 0 0 1 1 1 1 1 1 0 1 0 1 1 0 0 0 0 0 0 1 1 0 1 0 1 0 0 1 0 0 1 1 0 1 0 0 1 0 0 0 0 0 0 0 0 0 1 1 1 0 1 0 1 0 1 1 1 1 0 1 0 0 1 0 0 1 0 0 0 0 0 0 0 1 1 0 0 0 0 0 1 1 0 1 1 1 0 1 0 0 0 1 1 0 0 0 1 1 1 1 0 1 1 0 1 0 0 1 1 1 0 0 0 0 0 0 0 0 1 0 1 0 
0 0 1 1 1 0 0 1 0 0 0 0 1 1 1 1 0 0 0 1 1 0 0 0 1 0 1 1 0 1 0 0 0 1 0 1 0 0 1 0 0 1 1 1 1 1 0 1 0 0 0 0 0 1 0 0 0 0 0 0 0 0 1 1 1 1 0 0 0 1 0 1 1 0 0 0 0 1 0 1 1 0 1 1 1 1 0 1 0 0 0 1 0 0 1 0 1 0 1 0 1 1 1 1 0 1 1 1 1 0 1 1 0 0 1 0 1 1 0 0 1 1 1 0 0 1 1 1 0 1 1 1 0 0 0 0 1 0 0 0 0 0 1 0 0 0 1 0 1 1 0 1 0 0 1 1 0 0 1 0 0 1 0 1 0 0 0 1 0 1 1 1 0 0 1 
1 0 0 1 0 0 1 0 1 1 1 0 1 1 0 1 0 0 0 0 0 0 1 1 1 1 1 0 0 1 1 1 1 1 1 1 1 1 0 0 0 0 1 0 0 1 0 0 1 0 1 1 0 1 0 1 0 0 0 1 1 0 1 1 0 0 1 0 0 0 0 0 1 1 1 1 1 0 0 0 1 1 1 0 1 0 1 1 0 0 0 1 0 0 1 0 0 0 1 0 0 1 1 0 0 1 0 0 0 1 0 0 0 1 1 0 0 1 1 1 1 1 1 1 0 0 1 1 0 0 1 0 1 0 1 0 1 0 1 1 0 1 1 0 0 1 0 1 0 1 0 1 1 0 1 0 1 0 0 0 1 0 1 1 1 1 1 0 0 0 1 0 0 0 0 
0 0 0 0 1 0 0 1 1 1 0 1 1 1 1 0 1 0 0 0 0 0 1 1 0 0 1 0 0 1 0 1 1 0 1 0 1 1 1 0 0 1 1 0 0 1 1 1 1 0 0 0 0 0 0 1 1 1 0 0 0 1 0 1 0 0 0 0 0 1 1 0 1 1 0 0 1 1 0 1 1 1 1 0 0 1 1 1 1 0 1 1 0 1 0 1 0 1 0 1 1 0 1 1 1 0 1 1 0 0 0 1 1 0 0 0 1 1 1 1 1 1 0 1 1 0 0 0 1 1 0 0 1 1 0 1 0 1 1 0 0 0 1 1 1 0 1 0 1 1 1 1 1 1 0 1 1 0 0 1 1 0 0 1 0 0 1 1 1 1 1 1 0 1 0 
1 1 0 0 1 0 0 0 1 0 1 0 1 0 0 1 0 1 1 0 1 1 1 0 1 1 1 1 1 1 1 0 1 0 0 1 0 0 0 1 1 1 0 0 0 1 0 0 1 1 1 0 0 1 0 1 1 1 1 1 1 0 0 0 1 1 1 0 1 1 0 0 1 0 0 1 0 0 0 1 0 1 0 1 1 1 0 0 0 1 0 1 0 1 0 0 1 0 1 1 0 0 1 1 1 0 0 1 0 1 0 0 0 1 1 0 0 0 0 0 1 1 0 1 1 1 1 1 0 0 0 1 0 0 1 1 0 0 1 1 1 0 0 1 0 0 0 0 0 0 1 0 1 0 1 1 1 0 0 1 0 1 1 1 1 1 0 0 1 1 0 1 0 0 0 
1 1 0 1 0 0 0 1 0 0 1 0 0 0 1 1 1 0 0 0 0 1 0 1 1 0 0 0 0 1 0 0 0 0 1 0 0 1 0 1 1 0 1 1 1 0 1 1 0 0 0 1 0 0 0 0 1 0 0 0 0 0 1 0 0 1 0 1 0 0 0 0 0 1 1 0 0 1 1 1 1 0 1 1 0 0 1 1 1 0 1 1 1 1 0 0 0 1 1 1 1 1 1 1 0 0 0 1 0 0 0 1 0 1 0 0 1 0 0 0 1 0 1 1 1 0 1 0 0 0 1 0 1 1 0 1 0 0 1 0 0 0 0 1 0 0 1 0 1 1 1 1 1 0 1 1 0 1 0 1 1 0 0 0 0 0 1 0 1 0 1 1 1 0 1 
1 0 1 1 1 0 1 1 1 1 0 0 1 0 1 1 1 1 0 1 0 1 1 1 0 0 1 1 0 1 1 1 0 0 1 0 1 0 0 1 0 1 0 1 0 1 1 0 1 0 1 0 1 0 0 0 1 1 1 0 1 0 0 1 1 0 1 0 1 0 1 0 1 1 1 0 0 1 0 1 0 1 0 1 0 1 0 1 1 0 1 1 1 1 0 1 0 0 1 0 0 0 0 0 0 1 0 0 0 0 0 1 0 0 1 0 0 0 0 0 0 0 0 1 1 0 1 0 0 1 0 1 0 1 1 0 1 1 0 0 1 1 0 1 0 1 1 1 1 0 0 0 1 0 1 1 0 0 0 0 0 0 0 0 0 0 1 1 1 0 0 0 1 1 0 
1 0 0 1 1 0 1 0 1 1 0 0 1 0 0 0 1 0 1 0 1 1 1 1 0 1 0 1 1 1 1 0 1 1 0 1 1 1 0 0 1 0 1 1 0 1 1 1 1 1 0 1 0 0 1 0 1 0 0 0 1 0 1 1 0 0 1 0 0 0 0 0 1 1 1 1 1 1 1 0 1 1 1 1 1 1 0 0 1 1 0 0 1 0 1 1 1 0 0 0 1 1 1 0 0 0 1 1 1 1 1 0 1 1 1 0 0 0 1 1 1 0 1 1 0 1 0 0 1 0 1 0 1 1 1 0 0 1 1 1 1 1 1 0 1 0 0 1 1 1 1 1 0 0 1 1 1 1 1 1 1 0 1 0 0 1 1 1 0 0 1 1 0 1 1 
1 1 1 1 1 0 1 0 1 0 0 1 0 1 0 1 1 1 0 1 0 1 1 0 0 0 0 0 0 0 0 0 1 1 0 0 0 0 0 0 1 0 0 0 0 1 0 1 0 0 0 0 1 1 0 1 1 1 0 1 0 1 1 1 1 1 0 0 0 0 1 0 1 0 1 1 0 1 0 1 1 0 1 1 0 0 1 0 1 1 1 1 1 0 0 0 0 0 0 0 1 0 1 0 1 0 1 0 0 1 0 1 1 1 1 0 1 0 0 0 0 1 1 1 1 0 0 0 1 1 0 0 0 0 1 0 0 1 0 1 0 1 1 0 0 1 1 1 0 0 1 1 1 1 1 1 1 0 1 0 1 0 1 0 1 1 0 1 0 0 1 1 1 0 1 
1 1 1 0 0 0 0 0 0 0 1 1 0 1 0 0 0 1 1 1 0 1 0 1 1 1 0 1 0 0 0 1 1 1 1 0 0 1 0 0 1 0 1 1 0 1 1 1 1 1 0 0 0 0 1 0 0 1 1 1 1 1 1 1 1 0 0 1 0 1 1 0 0 0 1 0 0 1 1 0 1 1 0 0 0 1 0 1 0 0 1 1 1 0 0 0 0 0 1 1 0 1 1 0 0 0 0 1 0 0 0 0 1 1 1 1 0 0 0 1 1 1 0 1 0 1 0 0 1 0 1 0 1 1 0 0 1 0 0 0 1 1 0 1 0 1 1 1 0 1 0 0 0 1 1 1 1 1 1 0 1 1 1 0 0 0 1 1 0 1 0 0 0 1 1 
1 0 0 0 0 1 1 0 1 1 1 1 0 1 1 1 1 1 1 1 1 1 1 1 0 0 1 0 0 0 0 1 0 0 0 0 0 0 0 0 0 1 0 1 1 0 1 1 1 0 1 1 0 1 0 0 1 1 1 0 0 0 0 1 0 1 0 0 1 0 0 0 1 0 0 0 1 1 0 1 0 1 0 1 0 0 0 1 1 0 1 0 0 0 1 0 1 1 0 0 0 0 0 1 1 1 1 1 0 0 1 0 0 0 0 1 0 0 1 1 1 0 1 1 1 1 0 1 0 1 1 1 1 0 0 0 1 0 0 1 1 1 1 1 1 1 1 1 0 1 1 0 1 0 0 0 1 1 0 0 1 0 1 1 1 0 0 0 0 1 0 0 1 1 0 
1 1 1 1 0 1 0 1 0 1 0 1 0 0 1 0 1 0 0 0 0 0 0 1 1 1 0 1 1 1 1 0 0 0 1 1 0 0 1 0 0 1 0 1 0 0 1 1 1 0 0 0 1 1 0 1 1 0 0 1 0 0 0 0 0 1 1 1 1 0 1 1 0 1 1 1 0 0 0 1 1 0 0 0 0 0 0 0 1 0 0 0 1 0 0 1 0 0 0 1 1 0 0 1 0 1 1 0 1 0 1 0 0 1 0 0 1 0 0 0 1 0 1 0 0 1 0 1 1 1 1 1 0 1 0 1 0 0 1 1 0 1 0 0 0 1 1 1 1 1 1 1 1 0 1 0 0 1 0 0 1 1 1 0 1 0 0 1 1 0 0 1 0 0 0 
0 0 0 1 0 1 1 0 1 0 1 0 0 0 1 0 1 0 0 1 1 0 0 1 1 0 0 1 0 0 1 0 0 0 1 0 0 1 1 0 1 0 0 1 0 1 1 0 0 0 0 0 1 1 1 0 0 0 1 0 1 0 1 0 1 0 0 0 0 1 0 0 0 0 1 0 1 1 0 0 1 1 1 1 1 1 0 0 1 1 0 0 0 1 0 1 0 0 1 0 0 1 1 0 1 1 1 0 1 1 0 0 0 0 0 1 0 0 1 1 1 1 1 0 0 0 1 0 0 0 0 0 1 1 1 0 1 1 0 0 0 0 0 0 1 1 0 1 0 1 0 1 1 0 1 1 1 1 1 0 1 1 0 1 1 0 0 0 1 1 1 1 0 1 1 
0 1 0 1 1 1 0 1 0 0 1 1 0 0 1 0 0 1 1 1 1 0 1 0 1 1 1 0 1 0 1 1 0 1 0 1 1 1 0 1 1 1 0 0 1 0 1 0 0 0 0 0 0 0 0 0 1 0 0 0 0 1 1 1 0 0 1 0 0 0 0 1 0 0 0 1 0 1 0 0 1 0 1 0 1 0 1 0 0 0 0 0 0 0 1 1 0 0 1 0 1 1 1 1 0 0 1 1 1 0 1 0 1 0 1 1 1 0 0 1 0 1 1 1 0 1 0 1 0 0 0 1 0 0 1 1 0 1 0 0 0 0 1 1 1 0 0 0 0 1 1 1 0 1 0 0 1 1 1 1 1 1 1 1 1 0 1 1 1 1 1 1 1 0 1 
1 0 0 0 1 1 1 0 0 0 1 0 0 0 0 0 1 1 0 1 1 0 1 1 0 0 1 0 0 0 1 1 1 0 0 0 1 0 1 1 1 0 0 0 1 1 1 1 0 1 1 1 1 1 1 1 1 1 0 0 0 1 0 1 0 0 1 1 0 1 0 0 1 1 1 0 0 0 1 0 1 1 0 1 1 0 0 1 0 1 1 0 1 1 1 0 0 1 0 1 0 0 1 1 1 0 0 1 1 1 0 1 0 0 1 1 1 0 0 0 0 1 1 0 1 0 1 0 1 1 1 0 0 1 0 1 0 1 0 1 0 0 0 1 0 1 1 1 1 1 1 1 0 0 0 0 1 1 0 0 1 1 0 1 0 0 1 1 0 1 0 0 1 0 0 
0 1 1 1 0 0 0 0 0 0 0 1 0 1 0 1 1 1 1 1 1 1 0 0 1 1 0 1 1 0 0 0 1 0 0 1 1 1 0 1 1 1 0 1 1 1 0 0 1 0 1 1 0 1 1 0 0 0 1 0 1 1 1 0 0 0 0 1 1 0 0 1 0 1 0 0 0 0 0 0 0 0 1 1 0 1 1 1 0 1 1 1 1 0 1 1 1 1 0 0 0 0 0 1 1 0 0 0 0 1 0 0 0 0 1 1 1 0 0 1 0 1 0 1 1 1 1 0 0 1 1 1 0 1 1 1 0 1 1 0 0 1 1 1 0 1 0 0 1 1 0 0 0 1 1 0 0 0 0 0 0 1 0 1 1 1 0 1 1 0 0 0 1 0 1 
1 0 0 1 0 1 1 0 0 0 1 0 0 0 1 1 1 1 0 1 1 1 1 0 0 0 1 0 1 0 1 0 0 1 1 0 1 1 1 0 0 1 1 0 1 1 1 1 0 0 1 1 0 0 0 1 1 0 1 1 1 1 1 1 1 0 0 0 1 0 0 0 1 1 1 0 1 0 1 1 0 0 0 0 0 0 1 0 0 0 0 0 1 1 1 0 1 0 1 1 0 1 0 1 1 0 1 0 1 1 1 0 1 0 0 0 0 1 1 1 1 1 1 1 1 1 0 1 0 1 0 1 1 0 0 0 1 1 1 0 1 1 1 0 1 1 0 1 1 1 0 1 0 1 1 1 0 0 0 1 1 1 1 0 1 0 0 0 1 1 1 1 1 0 1 
1 1 1 0 0 1 0 0 1 1 0 1 0 1 0 0 1 1 1 0 1 0 1 1 1 0 0 0 1 1 0 1 0 0 1 1 1 0 1 1 1 1 1 0 0 0 1 0 1 1 0 1 1 0 1 1 0 0 1 1 0 1 1 1 1 0 1 0 1 0 0 1 1 1 1 0 1 0 1 1 0 0 0 0 1 0 1 0 0 1 0 0 0 0 1 1 1 0 0 1 1 1 0 1 0 0 0 1 0 1 0 1 1 1 0 1 0 0 0 0 1 1 1 1 0 1 1 0 0 1 1 1 0 1 1 0 0 0 1 1 1 0 1 1 0 1 1 1 1 0 1 0 0 1 0 1 1 0 1 1 0 1 1 0 0 0 0 1 0 1 0 1 1 0 1 
1 0 1 1 0 0 0 0 0 1 0 0 1 0 1 1 0 0 0 0 0 0 1 0 1 1 1 0 0 1 0 0 1 0 0 1 1 0 0 0 1 0 1 0 1 1 0 1 1 1 1 1 0 1 1 0 1 1 1 1 1 1 1 0 1 0 1 0 0 0 0 1 0 1 1 1 1 1 1 1 1 0 1 1 0 0 1 0 0 1 1 1 0 0 1 0 1 0 1 0 0 0 1 1 1 1 0 0 1 0 0 1 1 1 0 1 0 1 1 1 0 0 1 1 1 1 0 0 1 1 0 0 1 0 1 0 0 1 1 0 1 0 0 0 1 0 0 1 0 1 1 0 1 0 1 1 1 0 1 1 1 1 1 0 1 1 1 0 1 0 1 0 1 0 1 
1 0 0 0 1 0 0 0 0 0 1 1 1 1 1 1 0 0 1 0 1 1 0 1 1 1 1 0 1 1 1 0 1 0 1 0 0 0 1 0 1 0 1 1 1 0 0 0 0 0 1 0 0 1 0 1 0 1 0 1 1 0 1 1 0 1 0 0 1 0 1 1 0 1 0 0 1 0 0 0 1 0 1 0 1 1 1 1 1 1 0 0 1 0 0 0 0 0 1 0 0 1 1 0 0 1 0 0 0 0 0 0 1 1 1 1 1 1 1 0 0 0 0 1 0 1 0 1 1 1 0 1 0 0 1 0 1 1 0 0 1 1 0 0 0 0 1 1 0 1 1 0 0 0 0 0 0 1 1 0 0 0 1 1 1 1 0 0 1 1 0 0 0 0 0 
1 0 1 1 1 0 0 0 0 1 0 1 1 0 1 0 1 1 0 0 0 0 0 1 0 1 1 1 0 0 1 0 0 0 1 0 0 1 1 0 0 1 0 0 1 0 1 0 0 1 1 0 1 1 0 0 1 1 0 1 0 1 1 0 0 0 0 1 0 1 1 0 1 1 0 1 0 0 1 1 0 0 1 0 0 0 1 0 0 0 0 0 0 0 0 1 0 0 0 1 0 1 1 1 1 1 0 0 0 0 0 0 0 1 1 1 0 1 1 1 1 0 0 0 0 1 0 0 1 0 0 0 0 1 0 1 1 0 1 0 1 0 1 0 1 0 0 1 0 0 1 1 0 0 0 0 0 0 0 1 1 1 1 1 1 1 0 0 1 0 1 1 1 0 0 
0 1 0 0 1 1 1 1 0 0 0 1 1 1 0 0 1 0 1 1 0 0 0 0 0 0 0 0 1 1 0 1 1 1 1 0 1 0 1 1 0 0 1 0 0 1 0 1 1 0 1 0 0 1 1 0 1 1 0 1 0 0 0 0 0 1 1 1 1 1 0 1 0 0 1 0 0 0 0 0 1 1 0 0 0 1 1 1 0 1 0 0 1 1 0 0 1 0 1 0 1 0 0 0 0 1 0 1 0 1 1 0 0 0 1 0 1 0 1 0 1 0 0 1 1 0 1 1 1 0 0 0 1 0 0 1 1 1 1 1 1 0 1 0 0 1 0 1 0 1 1 0 1 0 0 1 0 1 0 1 0 0 0 0 1 1 1 1 1 1 0 1 0 0 1 
1 0 1 0 1 1 1 1 1 0 0 1 1 0 1 1 0 0 0 1 1 1 1 0 1 0 0 1 0 0 0 1 1 0 0 0 0 0 1 1 1 0 1 1 1 0 0 0 0 1 0 1 1 1 0 0 0 1 1 1 0 0 1 0 1 1 0 1 0 1 0 1 0 0 0 1 1 1 0 0 1 0 1 0 0 0 0 1 0 1 1 1 1 0 1 1 1 0 1 0 1 0 0 1 0 0 0 0 0 1 1 1 1 0 0 1 0 0 0 1 1 0 1 1 0 0 1 1 0 1 1 1 0 1 1 0 1 0 1 0 0 1 1 1 0 0 0 1 1 1 0 0 1 1 0 1 1 0 1 1 1 0 0 1 1 0 0 1 0 1 0 1 0 1 0 
0 0 1 1 0 1 0 0 0 1 0 0 0 1 1 1 0 0 1 1 0 0 1 1 1 0 0 0 1 1 0 0 0 0 1 0 1 0 1 1 1 0 1 1 0 0 0 1 1 0 1 0 0 1 1 1 0 1 1 1 0 0 0 0 0 1 0 0 0 0 0 1 0 0 0 1 1 0 1 0 0 1 0 1 1 1 0 1 1 0 1 0 0 1 1 0 0 1 1 0 1 1 0 1 0 0 0 0 1 0 0 1 0 1 0 1 1 1 0 0 0 1 0 1 1 0 0 1 1 0 1 1 0 0 0 0 0 1 1 1 1 0 1 1 1 0 0 0 1 0 1 1 0 1 0 1 1 0 0 0 1 1 0 0 1 0 0 0 0 0 0 1 0 0 1 
0 0 1 1 1 1 1 1 1 0 0 1 0 0 1 0 0 1 1 1 0 0 1 0 1 1 1 0 1 0 0 1 1 0 1 0 0 1 1 0 0 0 1 0 1 1 1 1 0 1 0 1 1 1 1 1 1 0 1 0 1 1 0 0 0 0 0 1 1 0 0 1 0 1 1 0 0 1 0 1 1 1 1 1 1 0 1 0 1 0 1 0 0 0 1 1 1 0 1 1 1 1 0 0 1 0 1 1 0 0 1 0 1 0 0 0 0 1 1 1 1 0 1 0 0 1 1 1 1 0 1 0 0 1 0 0 1 0 1 0 0 1 1 1 0 1 0 0 0 0 1 0 0 1 0 0 1 0 0 0 0 0 0 0 0 1 0 1 0 1 1 0 1 1 1 
0 0 0 0 0 0 0 1 0 0 1 1 1 0 1 1 0 1 0 0 0 0 1 0 1 1 0 0 0 1 1 0 1 0 0 0 0 1 1 1 1 1 0 0 0 1 0 0 1 0 1 1 0 0 0 0 0 0 0 0 1 1 0 1 0 0 1 0 0 1 0 1 1 0 0 1 1 0 1 0 0 1 0 1 0 0 0 1 0 0 1 1 0 0 0 1 1 0 0 1 0 1 1 0 1 0 1 1 0 1 0 1 0 0 0 0 0 1 0 1 0 0 1 0 0 1 0 0 0 0 1 1 0 1 0 1 0 0 1 1 0 0 1 1 1 0 0 1 0 0 0 0 0 0 1 0 0 0 1 1 0 1 0 0 1 0 0 1 1 1 0 0 1 0 0 
1 1 0 1 0 1 1 1 1 1 1 0 1 0 1 1 1 1 0 0 1 1 1 1 0 0 1 0 1 1 1 0 1 0 0 0 0 0 1 1 0 0 0 0 0 1 1 0 1 0 0 1 0 1 0 1 0 1 1 1 0 1 1 1 1 0 1 0 0 0 1 0 0 1 1 1 1 1 0 0 1 0 1 0 1 0 1 0 0 0 0 1 0 0 1 1 0 0 1 1 0 0 1 1 0 0 1 0 0 0 1 0 0 1 1 1 1 0 1 1 0 0 1 1 1 0 0 1 0 1 1 1 1 0 1 1 0 1 1 0 0 0 0 1 1 0 1 1 0 0 1 1 1 0 1 0 0 0 1 1 0 0 1 0 0 0 0 0 0 0 0 1 1 0 0 
0 0 1 1 0 1 0 1 0 0 0 0 1 0 1 1 1 0 0 0 0 0 0 0 1 0 1 0 1 1 1 0 1 0 0 0 0 1 0 0 0 0 1 1 1 1 0 1 1 0 0 1 1 0 0 0 0 1 0 1 0 0 0 0 0 1 1 0 0 0 0 0 1 1 0 1 0 0 0 1 1 1 0 1 1 0 1 1 1 0 0 0 0 0 1 1 1 1 0 1 0 0 0 0 0 0 0 1 1 0 1 0 0 0 0 1 0 0 0 1 0 0 1 0 0 1 1 1 0 1 1 0 1 1 0 0 1 0 1 1 1 0 1 0 0 0 0 1 1 0 1 1 1 1 1 1 0 1 0 1 0 0 1 1 1 1 1 0 0 1 0 1 0 0 0 
0 0 0 0 1 1 0 0 0 1 0 1 1 0 1 0 1 1 0 1 1 1 0 0 1 1 1 0 1 1 1 1 0 0 0 0 0 1 1 1 0 0 0 0 1 0 0 0 1 0 1 1 0 0 1 1 1 1 0 0 0 1 0 0 0 0 0 1 1 1 1 0 1 0 1 1 0 1 1 0 1 0 0 1 1 1 1 0 1 1 1 0 0 0 1 1 1 1 1 0 0 0 1 0 1 1 0 0 0 1 0 1 1 0 0 1 0 0 1 0 0 0 1 1 0 0 1 1 1 1 0 1 1 0 1 0 0 1 1 0 1 0 1 0 0 0 0 0 1 0 1 1 1 1 0 0 0 1 0 0 0 1 1 1 0 1 1 0 1 1 0 1 0 1 0 
1 1 1 1 0 0 1 1 1 1 0 0 1 0 1 0 0 0 0 0 0 1 1 0 0 1 0 0 0 0 1 0 1 0 1 0 0 1 1 1 0 0 1 0 1 0 1 1 0 0 1 0 0 1 0 1 0 1 1 0 0 0 0 1 1 1 1 1 0 0 1 1 1 0 0 1 1 1 0 0 1 0 0 0 0 0 0 1 0 1 1 1 0 1 1 1 1 1 0 0 1 1 1 1 1 0 0 1 0 0 0 0 1 0 1 0 1 0 1 0 0 1 0 0 1 1 0 0 1 0 0 0 1 0 1 0 1 0 0 1 1 1 1 0 0 1 0 1 0 0 1 1 1 0 1 1 0 0 0 0 1 1 1 1 1 1 0 1 1 0 1 0 1 0 1 
1 0 0 0 0 0 1 1 0 1 1 1 0 1 1 1 1 1 0 1 1 1 1 1 1 0 0 1 1 0 1 1 1 0 0 0 1 1 1 0 0 0 0 1 0 1 1 0 1 0 0 1 1 0 1 1 0 1 0 0 0 1 0 1 1 1 0 1 0 1 1 0 0 0 1 1 1 0 1 1 1 1 0 1 0 0 1 0 0 1 1 0 1 1 1 0 0 1 0 1 0 1 1 0 1 1 1 0 1 1 1 1 1 1 1 0 0 1 0 1 0 0 1 1 0 0 1 0 0 0 1 0 0 1 0 0 1 0 0 0 1 1 0 0 1 0 1 0 1 1 1 1 1 0 1 0 1 0 0 0 1 1 1 1 1 1 1 1 0 0 0 0 0 0 0 
1 0 0 1 0 0 0 1 0 0 0 0 0 0 0 0 0 1 0 1 0 0 0 1 0 0 0 1 0 1 1 0 1 1 0 1 0 0 1 0 0 1 1 0 1 0 0 1 0 0 0 0 1 1 1 1 1 1 1 0 1 0 1 0 1 0 0 1 1 1 0 0 1 1 0 0 1 1 0 0 1 1 0 1 1 0 0 0 1 1 0 1 1 1 0 1 1 1 0 1 1 1 0 0 0 1 0 1 0 0 0 0 1 1 1 0 1 1 0 1 1 1 0 1 0 1 0 0 0 1 0 0 1 0 1 1 0 1 1 0 1 0 0 0 0 1 1 1 0 0 1 1 1 0 1 1 1 0 1 1 1 1 1 0 0 1 0 0 1 0 0 0 0 1 0 
0 1 0 1 1 0 0 1 1 0 0 1 0 1 0 1 0 0 0 1 0 1 0 1 1 1 0 0 0 1 0 0 1 1 1 0 1 1 0 1 0 1 0 0 1 1 1 0 0 1 1 1 1 0 1 1 1 0 0 0 0 0 0 0 0 1 0 0 1 0 0 1 1 1 1 0 0 0 0 1 0 0 1 0 0 1 0 0 0 1 0 1 0 0 0 0 0 1 1 0 1 0 0 1 0 1 0 0 1 1 0 0 1 1 0 1 1 1 0 0 1 1 1 0 0 0 1 0 1 0 1 0 0 0 0 1 1 0 1 0 1 0 1 1 1 0 1 1 1 0 0 0 0 0 1 1 1 1 1 0 0 0 0 1 1 0 0 0 0 1 0 1 1 1 0 
0 0 1 0 1 0 1 0 1 1 1 1 1 0 0 0 0 0 0 0 1 1 0 0 1 1 0 0 0 1 1 0 0 0 1 0 0 1 1 0 0 1 1 1 0 1 1 0 1 1 1 1 1 0 0 0 1 0 0 0 0 1 1 1 1 0 0 0 0 1 0 0 1 1 1 1 1 1 0 0 1 1 1 1 0 1 0 1 0 0 0 1 0 1 0 0 0 0 0 1 0 0 0 1 1 1 1 0 1 0 1 0 0 1 0 0 0 1 0 1 0 1 1 1 0 0 0 0 0 1 1 0 0 0 1 1 0 0 0 1 0 0 1 0 1 0 0 1 1 0 1 0 0 1 1 0 1 0 1 1 0 0 1 1 0 0 0 1 1 0 1 0 1 0 1 
0 1 0 0 1 0 1 0 0 1 1 1 1 1 1 1 1 1 1 1 1 1 0 0 0 1 0 1 1 1 0 0 0 0 1 0 1 1 1 0 1 1 1 1 1 1 0 0 0 1 1 1 0 0 1 1 0 1 0 1 1 1 1 0 1 1 1 0 1 1 0 0 0 0 0 0 0 0 0 1 0 0 1 0 0 1 0 0 1 0 0 0 1 1 0 0 0 1 1 0 0 0 1 0 0 0 1 1 1 1 0 0 0 1 0 1 0 1 0 1 0 1 1 0 1 0 1 0 0 0 1 0 1 0 0 1 1 1 0 0 0 1 1 1 0 1 1 1 1 1 0 1 1 0 0 1 1 0 0 1 1 1 1 0 0 1 0 0 1 1 0 0 1 0 1 
0 1 0 1 0 1 0 0 0 0 0 1 0 0 1 1 1 0 0 1 1 1 1 0 0 1 0 0 0 0 0 0 0 0 0 0 1 0 1 0 0 0 0 1 1 0 0 0 1 0 0 1 1 0 1 0 1 0 0 1 0 1 0 1 0 0 1 1 1 1 0 0 1 0 1 1 0 1 0 0 1 0 1 0 1 1 1 0 0 1 0 0 1 1 0 0 0 0 0 1 1 0 1 0 0 1 1 0 1 0 0 1 0 1 0 1 0 0 0 1 0 1 1 1 0 0 0 1 1 0 0 1 0 0 1 0 0 0 0 1 1 0 1 0 1 1 0 0 1 1 0 0 1 1 1 1 1 1 0 1 1 1 1 1 1 1 1 0 0 0 1 1 1 1 0 
1 1 0 1 0 1 1 1 1 1 1 1 0 0 0 1 1 0 1 1 1 0 0 1 1 1 0 1 0 0 1 0 1 0 1 0 0 1 1 0 0 1 1 1 0 0 1 1 1 1 0 1 1 1 1 1 0 1 1 0 1 1 1 0 1 0 1 0 1 1 1 1 0 1 1 0 0 0 1 0 0 1 0 0 0 0 1 0 1 1 1 0 1 0 1 0 0 1 1 0 1 0 0 0 0 1 0 0 0 0 0 1 0 0 1 1 1 1 0 1 0 1 1 1 0 0 1 0 1 1 0 0 1 0 0 0 0 0 0 0 1 1 0 1 0 1 0 1 1 1 1 0 1 0 1 0 1 1 1 0 0 0 0 0 1 1 1 0 0 1 1 1 1 1 0 
0 0 0 1 1 1 1 0 0 0 0 0 0 1 0 1 0 0 1 0 1 0 0 1 1 1 0 0 0 0 1 0 0 0 1 0 0 0 1 0 1 0 1 0 1 0 1 1 1 0 0 0 1 0 0 0 0 0 0 0 1 0 0 1 0 0 1 0 0 1 0 1 0 1 0 0 0 0 0 0 0 0 0 1 0 1 1 1 1 0 0 1 0 0 0 1 0 0 0 1 0 0 0 1 0 0 0 0 1 0 0 1 1 0 0 1 0 1 1 1 1 0 0 0 0 0 0 1 0 0 0 0 0 1 1 0 0 0 0 1 0 0 0 1 1 0 1 0 0 0 0 1 0 0 0 0 0 0 0 1 1 1 1 0 0 0 0 0 0 0 1 1 1 0 0 
1 1 0 0 0 0 0 0 0 1 1 0 0 1 1 0 1 1 1 0 1 0 0 0 1 1 0 0 1 1 0 1 0 1 1 0 1 0 1 0 0 0 1 1 1 0 0 0 1 1 1 0 0 1 1 1 0 0 1 0 0 1 1 1 1 1 1 0 1 0 0 1 1 0 1 0 1 1 0 1 0 1 0 0 0 0 1 0 0 1 1 1 1 0 0 0 1 1 0 1 0 0 0 0 0 0 0 0 0 0 1 0 1 0 0 0 1 1 0 0 0 0 0 0 1 0 1 0 1 0 0 1 0 1 0 0 1 1 0 0 1 1 1 1 0 1 1 1 0 0 1 1 0 0 0 1 0 1 1 0 1 0 0 1 0 0 1 0 1 1 0 1 0 1 1 
1 1 0 1 0 0 1 1 1 1 1 1 0 1 0 1 0 1 1 0 0 1 0 0 0 1 0 1 1 0 0 1 0 1 1 1 0 0 1 0 1 1 1 1 0 1 1 0 0 0 1 1 1 0 0 1 1 0 0 1 1 1 0 0 1 1 1 1 0 0 0 1 0 0 1 1 0 1 1 1 1 1 0 0 1 0 1 1 0 0 1 1 0 0 1 0 0 1 1 0 0 0 1 0 1 0 1 1 1 1 0 0 1 0 0 1 0 0 1 0 0 1 0 1 0 0 0 0 1 1 0 1 1 1 0 1 1 1 0 1 0 0 1 1 0 1 1 0 0 0 1 1 1 0 1 1 0 0 0 1 0 0 0 0 0 0 1 1 1 1 1 1 0 0 1 
0 1 0 0 0 1 0 1 1 1 0 1 1 0 1 1 0 0 1 0 1 1 0 1 1 0 1 0 0 0 1 1 0 1 0 0 1 0 1 0 0 1 0 0 0 1 1 1 0 1 0 1 1 1 0 0 1 1 1 0 1 1 0 1 0 0 1 1 1 0 1 1 1 1 1 1 0 1 1 1 0 1 1 0 1 0 0 0 1 0 0 0 0 1 0 1 0 1 0 0 1 1 0 0 1 0 1 0 0 1 1 0 1 0 0 0 0 1 1 1 0 0 0 1 1 0 1 1 0 0 1 0 0 0 0 1 0 1 0 0 1 0 1 1 0 0 0 1 1 0 0 1 1 1 1 0 1 1 0 0 0 0 1 0 0 1 1 1 1 0 0 1 0 1 1 
1 0 1 0 0 0 0 1 0 1 1 1 0 1 0 1 0 0 0 1 0 0 1 1 1 1 1 1 1 1 0 0 1 0 0 1 0 0 1 0 0 0 0 0 0 0 1 1 0 0 1 0 0 0 1 1 1 0 0 1 1 1 1 0 0 1 0 0 1 0 1 0 1 1 1 0 1 1 1 1 0 1 1 0 0 1 0 0 0 1 0 1 1 1 0 1 0 1 0 1 0 0 0 1 0 0 0 1 0 0 0 1 1 0 1 1 1 1 0 0 1 0 0 0 0 1 1 1 0 1 0 1 0 0 1 1 0 0 0 0 0 1 1 0 1 0 1 1 0 1 1 0 0 1 0 0 1 0 1 1 1 1 0 0 1 0 1 1 0 0 0 1 1 1 1 
0 0 0 1 1 0 1 1 0 1 1 0 0 1 1 0 1 1 1 0 0 0 1 0 0 1 0 1 0 0 1 1 1 1 0 0 0 1 0 0 1 0 0 1 0 0 1 0 1 1 1 1 0 1 0 1 0 0 0 1 1 1 1 0 0 1 0 0 1 1 1 0 0 1 1 0 1 0 0 0 1 0 0 1 0 0 0 1 1 1 1 1 0 0 0 1 1 0 0 1 0 1 1 1 0 1 1 1 0 1 1 1 0 1 1 0 0 1 1 0 1 1 0 0 1 0 1 1 0 1 0 0 0 0 0 0 1 0 1 0 0 1 1 0 0 0 0 0 1 0 0 0 0 1 0 0 1 1 0 0 1 1 1 1 0 0 0 0 0 0 0 0 1 1 1 
0 0 0 1 0 0 1 1 0 1 1 1 0 0 1 1 0 1 1 0 1 1 1 0 1 1 1 0 0 0 1 1 1 1 1 1 1 0 0 1 1 1 1 0 0 0 1 0 1 1 1 0 0 0 0 1 0 1 1 0 1 0 1 1 1 0 1 0 1 1 1 1 0 0 0 1 0 0 0 0 1 0 1 0 0 1 0 0 1 0 0 0 1 1 0 1 1 1 1 0 1 1 0 1 1 0 0 0 1 1 0 0 1 0 0 1 0 1 1 0 1 1 0 1 1 1 1 0 0 1 1 1 1 0 0 0 1 0 0 0 0 0 1 1 0 1 1 0 0 0 1 1 1 0 1 0 0 1 1 0 0 1 0 1 1 0 1 0 0 0 0 0 1 1 1 
0 1 0 1 1 1 0 1 0 0 1 0 0 1 1 1 0 1 1 0 1 1 1 0 0 1 0 1 1 0 1 0 0 1 1 1 0 1 0 1 0 1 0 1 1 1 0 0 1 0 1 0 1 0 1 0 1 0 0 0 0 1 0 0 0 0 1 1 0 1 1 1 0 0 0 1 1 1 1 0 0 0 1 0 0 0 1 1 1 1 0 0 0 0 0 1 1 1 1 1 1 1 1 1 0 0 0 1 1 1 0 1 1 0 0 0 0 0 1 0 0 1 1 1 0 1 1 0 0 1 0 1 0 1 1 0 1 1 1 1 0 1 1 1 1 1 1 0 1 1 1 1 0 0 1 0 1 1 1 1 1 0 1 1 0 0 1 1 1 1 1 1 1 0 0 
1 0 1 1 1 1 0 1 1 0 0 0 0 1 0 1 0 0 1 1 0 0 1 1 1 0 1 0 1 0 0 1 1 0 1 0 0 0 0 1 1 0 0 0 0 0 1 0 1 1 0 1 0 1 0 1 1 0 0 1 0 1 1 0 1 1 0 0 1 0 0 1 0 0 0 0 0 0 1 1 0 0 0 0 0 0 1 0 1 0 1 1 0 1 0 0 0 0 0 1 1 1 0 1 0 1 1 1 0 1 1 1 0 1 1 1 1 0 0 0 1 0 0 0 1 0 0 0 0 1 0 1 0 1 0 1 0 1 0 0 1 1 0 1 1 0 1 1 1 1 0 1 0 1 1 1 1 1 1 1 1 1 0 0 1 0 0 1 0 0 0 0 0 0 0 
1 0 0 1 1 1 0 0 0 0 1 1 1 0 1 0 1 0 1 1 0 0 0 0 1 0 0 1 0 0 0 1 0 1 0 0 1 0 1 0 1 1 0 1 0 0 1 0 1 1 0 1 1 0 1 0 1 0 0 1 0 1 1 1 1 0 1 0 1 1 0 0 0 1 1 1 0 0 1 1 0 1 0 1 1 0 0 0 0 0 0 0 0 1 1 1 1 0 1 0 0 1 0 1 1 0 1 0 0 0 0 0 0 0 1 1 1 1 0 0 1 1 0 1 0 1 0 1 1 0 0 0 0 1 0 1 0 0 0 1 1 1 1 1 1 0 0 0 1 0 0 1 0 0 1 0 1 1 1 0 0 1 1 0 0 0 0 0 0 0 0 1 0 1 1 
0 1 0 0 0 1 0 1 0 1 1 1 1 0 1 0 0 1 0 1 0 1 0 1 0 0 0 0 1 0 0 1 0 1 0 1 1 0 1 1 0 0 0 0 1 1 0 1 0 1 1 1 0 1 1 0 1 0 0 0 0 0 1 0 1 1 0 0 1 1 0 0 0 0 1 0 1 1 0 0 1 1 0 0 1 0 0 1 1 0 1 0 0 0 1 1 1 1 0 0 1 1 0 0 1 0 0 1 1 1 0 1 1 0 1 0 0 1 0 0 1 1 1 1 1 0 1 0 1 1 1 1 1 0 1 1 0 1 0 0 0 1 0 1 0 0 0 1 0 0 0 1 1 1 1 0 1 0 0 0 1 1 0 1 0 0 0 0 0 0 1 1 0 0 0 
0 1 0 1 1 0 1 1 0 1 1 0 1 1 1 0 1 1 1 1 0 1 0 1 1 1 0 1 1 1 1 1 0 1 1 1 0 1 0 0 1 0 0 0 0 1 0 1 1 1 1 0 1 1 1 1 0 0 1 1 1 1 0 1 1 1 0 1 0 1 1 0 0 1 1 1 0 0 1 0 0 0 1 1 0 0 0 0 0 0 1 0 1 1 1 0 0 0 0 0 0 1 0 1 0 1 0 0 0 0 1 1 1 0 0 1 1 0 0 0 1 0 1 0 0 1 1 1 0 1 1 0 0 0 0 0 1 1 0 0 1 0 1 0 1 0 0 1 1 1 1 1 0 1 1 0 1 1 0 0 1 1 1 0 1 0 0 1 0 1 0 0 0 1 0 
0 0 0 0 1 1 0 0 0 1 0 1 1 0 1 1 1 1 0 0 0 1 1 0 1 0 1 0 1 0 1 1 1 1 0 1 1 0 0 1 1 1 0 0 0 0 0 0 0 0 1 1 0 1 0 0 1 1 1 1 0 1 1 0 0 1 0 1 1 0 0 1 0 0 1 1 0 1 0 1 1 1 1 1 1 0 1 0 1 0 0 0 0 1 0 0 0 0 1 0 0 0 0 1 0 0 1 1 0 0 1 0 1 0 1 1 0 1 0 1 1 0 1 1 1 0 1 1 0 1 1 1 0 0 0 0 1 1 0 0 0 0 1 0 0 0 1 0 1 0 1 0 0 1 1 0 0 0 1 1 0 0 0 1 1 0 0 0 1 1 1 0 1 1 0 
0 0 0 1 1 0 0 0 1 0 0 0 0 0 0 0 0 1 1 0 1 0 0 0 0 0 1 0 0 1 1 1 1 1 0 1 0 1 1 0 1 0 0 0 0 0 0 0 0 0 0 0 1 1 0 1 1 1 0 1 0 0 0 1 0 1 0 0 0 0 1 1 1 0 1 1 1 0 1 1 0 0 0 1 0 0 1 0 1 0 1 1 1 1 0 0 0 1 1 0 0 1 1 1 0 0 1 1 1 1 1 1 1 0 0 1 0 0 1 1 0 0 0 1 1 1 1 0 1 0 0 1 0 0 0 0 0 1 0 1 1 0 1 0 1 0 0 1 0 0 0 0 1 1 1 0 1 0 1 0 1 0 1 1 0 1 0 0 0 1 1 0 1 0 1 
0 0 0 0 0 0 0 1 0 0 1 0 1 1 1 1 1 0 1 0 1 0 1 1 0 1 1 1 0 0 0 1 0 0 0 1 0 1 1 1 1 0 1 1 1 1 0 1 1 0 0 0 0 1 1 1 1 0 1 0 1 1 1 1 1 1 0 0 0 0 0 1 1 0 0 0 0 1 0 0 0 0 1 1 0 0 0 1 0 1 1 1 0 0 0 1 0 1 0 1 1 0 0 0 1 0 1 0 1 1 1 0 0 1 1 0 1 0 1 1 1 0 1 1 0 1 0 0 0 0 0 0 1 0 1 0 0 0 1 1 0 0 0 0 1 0 1 0 1 0 1 1 1 0 0 0 0 1 1 0 1 0 0 1 1 1 0 0 1 1 0 1 0 0 1 
0 1 1 1 0 0 1 0 1 1 0 0 1 0 1 1 1 1 0 1 0 0 0 1 0 0 0 1 0 1 0 1 1 0 1 0 1 1 0 0 1 0 0 0 1 0 0 0 0 1 1 1 1 0 1 1 1 1 1 0 1 0 1 1 0 1 1 1 0 0 1 0 1 0 0 1 1 1 1 1 1 1 0 0 1 1 1 0 1 1 0 0 1 0 0 1 1 1 1 1 0 0 0 1 1 1 0 0 0 1 1 1 1 1 0 1 0 1 0 0 1 0 1 0 0 0 0 0 1 1 1 1 1 0 1 1 1 0 0 1 0 1 1 0 1 0 0 1 0 1 1 1 1 1 0 0 1 1 0 1 1 1 0 0 0 0 1 0 0 0 1 0 1 0 1 
1 0 0 0 0 0 0 1 0 1 1 0 0 1 0 1 1 1 1 1 1 1 0 0 0 0 0 0 0 0 1 0 0 1 0 0 0 1 0 0 1 1 1 0 1 1 1 0 1 1 0 1 0 0 0 0 1 1 1 0 1 0 1 0 1 0 1 0 1 1 0 0 1 0 0 1 1 1 1 0 1 0 1 0 1 0 0 0 0 1 0 1 1 1 0 1 0 1 1 0 0 1 0 1 1 1 1 1 1 0 1 0 1 1 0 0 1 1 1 0 1 1 0 1 0 1 0 0 0 0 0 0 1 1 0 0 0 0 1 1 0 0 0 1 0 1 1 0 0 0 0 1 0 1 1 0 1 1 1 1 0 1 1 1 0 0 1 0 0 1 0 0 1 1 1 
1 0 0 0 0 0 0 0 1 0 0 1 1 0 0 0 1 1 0 0 1 1 1 0 1 1 1 1 0 0 0 1 0 0 0 0 1 1 1 1 1 0 0 1 0 1 1 1 0 1 1 0 1 0 0 1 1 0 1 1 1 0 1 1 0 0 0 0 0 0 1 1 1 0 1 0 1 1 0 1 1 0 0 0 1 0 0 0 1 0 0 0 0 0 1 0 0 0 0 1 1 1 1 1 1 0 1 0 0 0 0 1 1 1 1 0 0 1 1 0 1 0 0 1 1 1 0 0 1 0 1 0 1 0 1 0 1 1 1 1 1 1 0 0 0 0 0 0 1 1 0 1 0 0 1 0 1 0 1 1 0 0 1 0 1 0 1 1 0 1 1 1 0 0 1 
0 0 0 0 0 0 0 0 0 0 0 0 0 1 0 0 0 0 0 0 1 0 1 1 1 0 0 1 1 1 1 1 0 0 0 0 0 0 0 1 1 0 0 0 0 1 1 1 0 1 0 0 0 0 1 0 1 0 1 0 0 1 1 0 1 0 0 1 1 0 1 0 0 0 1 0 1 1 1 0 0 0 0 0 0 0 0 1 0 0 0 0 0 1 0 0 0 0 1 1 0 1 0 1 1 0 0 1 1 1 1 0 0 0 0 0 1 1 0 1 1 1 0 1 1 1 0 0 0 0 0 1 0 0 0 0 1 0 1 0 1 0 1 1 0 1 0 0 0 1 1 1 0 0 1 0 1 1 1 0 0 0 1 0 1 0 0 1 1 0 0 1 0 0 1 
1 0 0 1 0 0 0 0 1 1 0 0 0 1 1 1 0 1 1 0 1 1 1 0 0 0 1 0 0 1 1 1 0 0 0 1 1 1 0 0 1 1 1 0 0 0 1 1 0 1 1 1 1 0 0 1 1 0 1 1 1 1 0 0 1 1 0 0 1 0 1 0 0 1 1 0 0 0 1 1 1 1 1 1 0 0 0 1 0 0 0 0 0 0 1 0 0 0 1 1 1 1 1 0 1 1 1 1 1 0 0 0 0 1 1 1 0 1 1 0 1 1 1 1 1 0 1 1 1 1 1 0 0 1 0 0 1 0 0 0 1 1 0 1 1 0 1 0 1 0 1 0 0 0 0 1 0 1 1 1 1 0 1 1 1 0 1 0 1 0 1 0 1 1 1 
0 0 0 0 1 1 0 1 1 1 1 1 1 1 1 0 1 0 1 1 1 0 0 0 1 0 1 1 0 1 1 0 1 1 1 1 0 1 1 1 1 1 0 0 1 0 0 1 1 1 0 1 0 1 1 1 0 0 1 0 1 1 1 1 0 1 0 0 1 1 0 0 1 0 1 0 0 1 0 1 0 1 0 0 0 1 1 1 1 1 1 0 1 1 1 1 0 1 1 0 0 1 0 1 1 1 0 0 0 0 0 0 1 1 0 0 1 0 1 1 0 1 0 1 1 1 0 1 0 0 0 0 1 1 1 0 0 0 0 1 0 1 1 1 0 0 1 1 0 0 1 0 0 1 1 0 0 0 1 1 1 0 1 1 0 1 1 1 1 0 1 0 1 1 1 
1 1 0 1 1 1 1 0 1 1 1 0 1 0 0 0 0 1 1 0 1 1 0 1 1 1 1 1 1 0 1 1 0 0 1 0 0 1 1 0 0 1 1 1 1 1 1 0 0 1 0 0 1 1 1 0 0 1 1 0 0 1 0 0 1 1 1 1 1 1 0 1 1 1 0 0 1 0 1 1 0 1 0 1 0 1 1 1 1 1 0 1 0 1 1 1 1 0 1 1 0 1 0 0 0 1 0 0 1 0 1 1 1 0 0 1 0 0 1 1 1 1 1 1 1 0 0 0 1 0 1 0 0 1 0 1 0 0 0 0 0 1 0 0 0 0 0 0 1 0 0 0 1 1 0 0 1 0 1 0 1 1 1 0 0 1 0 1 1 1 0 0 1 0 1 
0 1 0 1 0 0 1 1 1 0 0 0 0 1 1 0 1 1 0 0 1 0 0 0 1 1 1 0 0 0 1 0 1 1 0 0 1 1 1 0 1 1 0 0 0 1 1 0 0 1 0 1 0 1 1 1 1 1 0 1 0 0 0 0 0 0 1 0 0 0 0 1 1 1 0 0 0 0 0 0 0 1 1 1 0 1 0 0 1 1 0 1 0 0 0 1 1 1 0 1 1 1 0 0 0 1 0 1 1 1 0 1 0 0 0 1 0 0 0 0 1 1 1 1 0 0 0 1 1 0 0 1 0 0 0 0 1 0 0 0 0 0 0 0 0 1 0 1 1 0 0 1 1 0 1 1 1 0 1 1 1 0 1 0 1 1 0 1 0 0 1 0 1 1 1 
1 1 0 1 0 0 1 1 1 1 1 1 1 1 0 1 0 0 1 1 0 1 0 0 0 0 1 1 1 0 1 0 1 1 1 1 1 0 1 1 0 1 0 0 1 0 1 1 1 0 1 1 0 1 0 1 1 0 1 0 0 0 1 1 0 1 1 0 1 1 1 0 0 0 0 0 0 0 1 1 0 1 0 0 1 1 1 1 0 1 0 0 1 0 0 0 1 1 0 1 1 0 0 0 1 0 0 0 1 0 0 1 1 0 1 0 0 1 1 0 0 1 1 0 0 0 1 0 0 0 1 0 0 1 0 1 0 1 1 1 1 0 0 0 0 1 1 1 0 1 1 0 1 1 0 1 1 0 0 0 0 0 0 1 0 0 0 0 1 1 0 0 0 0 0 
1 1 0 0 1 0 1 0 0 1 0 0 0 0 1 0 1 1 0 1 1 1 0 0 0 0 1 0 1 1 1 1 0 0 1 0 1 0 1 1 0 0 1 1 1 1 0 1 1 0 0 1 0 0 1 1 0 0 1 1 1 0 1 0 1 1 0 1 0 0 1 1 0 0 1 1 1 0 0 1 1 0 0 0 0 1 0 1 0 0 1 0 1 1 0 1 0 1 0 1 0 1 1 0 1 0 1 0 1 1 0 1 1 0 0 1 1 0 0 0 0 0 1 1 1 0 0 1 0 1 1 1 1 1 1 1 0 0 0 1 0 1 0 1 0 0 0 0 1 1 0 0 0 0 1 0 1 0 0 0 1 0 1 0 0 0 1 1 0 1 0 1 0 0 1 
0 0 0 1 1 0 1 1 1 0 0 0 0 1 0 0 1 1 1 0 1 0 0 0 1 1 0 1 0 0 0 0 1 1 0 1 1 1 0 0 1 1 0 0 0 1 0 1 0 1 0 1 1 1 0 0 0 0 1 0 1 0 1 1 0 1 0 1 0 0 1 0 1 1 0 0 0 0 1 0 1 0 1 0 0 1 1 1 1 1 1 1 0 1 0 0 1 1 0 0 0 1 0 0 1 0 0 1 1 0 0 1 1 0 0 1 1 0 0 1 1 0 1 0 0 0 0 0 0 1 0 1 0 0 0 0 1 1 1 0 1 0 1 1 1 0 1 1 0 1 1 0 1 0 0 0 1 0 1 1 0 1 1 1 0 0 0 1 1 0 1 1 1 1 0 
0 1 1 0 0 0 0 1 1 1 0 0 0 1 0 1 1 1 0 0 1 1 0 1 1 0 0 0 1 0 0 1 1 0 1 1 0 1 1 1 1 0 1 1 1 1 1 1 0 0 1 0 0 1 1 0 1 1 0 1 0 1 1 1 0 0 1 1 0 1 1 0 1 0 1 1 1 1 1 0 1 1 0 1 1 1 0 0 1 0 1 0 0 1 0 0 0 1 1 0 1 1 1 0 1 1 1 0 0 0 0 1 0 0 0 0 1 1 0 1 0 1 1 0 0 1 1 1 1 0 1 0 1 1 1 0 0 0 1 1 1 0 1 1 0 0 1 0 1 1 1 1 0 0 0 0 1 0 0 1 1 1 1 1 1 0 1 1 0 0 1 0 0 1 1 
0 1 0 1 1 0 0 1 1 0 0 1 1 0 1 1 1 1 1 0 1 0 1 0 0 1 1 1 1 1 0 0 1 1 1 0 1 1 1 1 1 0 1 1 1 1 1 0 1 0 0 0 0 1 0 0 1 0 0 0 0 1 0 1 0 1 1 1 1 0 0 1 0 0 0 0 1 0 1 1 1 0 1 1 1 1 1 1 1 1 1 0 0 1 0 1 0 0 0 0 1 1 1 1 1 1 0 0 1 1 0 0 1 0 0 0 1 0 1 1 0 0 0 0 1 1 0 0 0 1 1 0 0 0 0 0 0 0 0 0 0 1 1 1 1 1 0 1 0 1 0 1 0 0 1 0 1 1 1 0 0 0 0 0 0 1 1 0 1 0 0 1 1 1 0 
1 1 1 1 1 1 0 0 1 0 0 0 0 1 0 0 1 1 0 0 1 0 1 0 1 1 1 0 1 0 0 1 1 0 1 1 1 0 1 0 0 0 1 0 0 1 1 1 0 0 1 0 1 0 0 1 0 0 0 1 0 1 0 0 0 0 0 1 1 0 0 1 1 1 0 0 0 1 0 0 1 1 1 0 1 0 0 0 0 0 0 1 1 0 0 0 1 1 1 1 1 0 1 0 1 0 0 1 1 1 1 0 0 1 0 1 0 0 1 0 0 1 1 1 0 0 1 0 1 0 1 0 1 1 0 1 0 0 1 1 0 1 0 0 1 0 1 1 1 0 1 0 0 1 1 1 0 0 1 1 0 1 0 0 1 1 1 0 1 0 0 1 0 0 0 
1 1 0 0 0 1 0 1 0 1 1 1 1 0 1 0 1 0 0 1 0 1 1 1 0 0 1 1 0 1 1 0 0 1 1 0 0 1 1 0 1 0 1 0 0 0 0 0 1 0 1 1 1 0 0 0 0 0 0 1 1 0 1 1 0 0 0 1 1 0 1 1 1 0 0 0 0 0 0 1 1 0 1 0 0 1 1 1 0 0 1 1 0 1 1 0 0 1 1 1 0 0 0 1 1 0 1 1 0 1 0 1 1 1 0 0 0 1 1 1 1 0 1 1 1 1 0 1 0 1 0 1 0 0 0 1 0 0 0 1 1 1 1 1 0 0 1 1 0 1 1 0 1 0 0 0 0 0 1 1 0 1 1 1 0 0 1 1 0 1 0 0 1 0 0 
1 1 1 0 0 0 1 1 1 1 0 1 1 1 1 1 1 0 1 1 0 0 0 1 1 0 0 1 1 0 0 0 1 1 1 1 1 1 1 0 1 0 1 0 0 1 1 0 0 1 1 1 1 0 0 1 1 0 0 1 0 0 1 0 1 0 0 0 1 0 0 1 1 0 1 0 1 0 0 0 0 1 1 1 0 1 0 1 1 1 0 1 1 0 1 0 1 1 1 1 0 1 0 0 1 0 1 0 1 0 0 0 0 0 1 1 1 1 0 0 0 0 1 1 0 0 0 0 0 0 1 0 1 1 1 1 0 0 0 1 0 1 0 0 0 1 0 1 1 0 0 1 0 0 1 0 0 1 0 1 1 1 0 1 1 1 1 1 1 0 1 0 1 0 0 
0 1 0 1 1 0 0 1 0 1 1 0 0 0 1 0 1 0 0 1 0 0 1 0 1 0 0 0 1 0 0 0 1 1 0 1 0 1 0 1 0 1 0 1 0 0 0 0 1 0 0 1 1 0 1 0 0 0 0 1 0 1 0 0 0 0 0 1 0 1 0 1 0 0 0 0 0 1 1 1 0 1 0 1 1 0 1 0 0 1 0 1 1 0 1 0 1 1 0 1 1 0 0 1 1 1 0 1 0 0 0 0 0 0 1 1 1 1 0 0 1 1 1 1 1 0 1 1 1 1 1 1 0 1 1 1 1 0 1 1 1 0 0 1 0 0 1 0 0 1 1 0 0 1 0 1 1 1 0 0 0 0 1 0 1 1 0 1 1 0 1 1 1 1 0 
1 1 1 0 1 0 1 0 0 0 0 0 0 0 0 1 0 0 0 0 1 0 1 1 1 1 1 1 1 0 1 0 0 1 0 0 1 0 0 0 1 1 1 1 1 1 1 1 1 0 0 0 1 1 1 1 1 0 0 0 1 1 1 1 0 1 0 1 0 1 0 1 1 0 0 0 0 0 1 1 0 1 0 0 1 0 1 0 0 1 1 1 0 0 1 1 1 1 1 1 0 0 0 0 0 0 1 0 0 1 0 0 1 0 1 1 0 1 1 1 1 0 0 1 1 1 0 1 0 0 0 1 0 0 1 1 0 1 1 1 0 1 1 1 1 0 0 1 0 1 0 0 1 0 0 1 1 1 0 1 0 1 1 0 0 0 0 0 0 0 1 1 0 0 1 
1 0 1 0 0 0 1 1 0 0 0 1 0 0 0 0 1 1 1 0 0 1 1 0 1 1 1 0 0 0 0 1 0 0 1 1 0 0 1 0 1 0 0 1 0 0 0 1 1 1 1 0 1 0 1 0 1 0 0 0 0 1 1 1 1 1 0 1 1 0 0 1 0 1 1 0 0 1 0 0 0 0 1 1 1 1 1 0 0 1 0 0 1 0 1 1 0 0 1 1 0 0 1 1 1 1 1 0 0 0 0 0 1 1 1 1 0 1 0 1 0 0 1 0 0 1 1 1 1 1 1 0 0 1 0 0 1 0 0 1 1 0 1 1 1 0 0 1 0 1 1 0 1 0 1 0 0 1 0 0 0 0 0 0 0 0 1 1 0 0 0 1 1 0 0 
0 1 1 1 1 1 1 1 0 0 0 0 1 0 0 0 0 0 1 0 1 0 1 0 0 1 0 1 0 1 1 1 1 1 1 0 1 0 1 0 0 0 1 1 0 0 0 0 0 1 1 0 0 0 0 1 0 1 1 0 1 1 1 1 0 1 1 0 0 0 0 0 0 1 0 1 1 0 0 0 1 0 1 1 0 1 1 0 1 0 1 1 1 0 0 1 1 0 0 1 1 0 1 1 1 1 1 1 0 1 1 1 0 1 0 1 1 1 1 0 0 1 0 1 1 0 1 0 0 1 0 1 0 1 1 1 1 0 1 1 1 1 1 1 1 0 0 0 1 0 1 1 1 0 1 1 1 1 0 0 0 0 0 1 1 0 0 0 1 0 0 0 0 0 0 
1 1 0 0 1 1 1 0 1 1 0 0 0 1 0 0 0 1 1 1 1 0 0 0 1 0 0 0 1 0 1 0 1 0 0 1 1 1 0 0 0 0 1 1 0 0 0 1 0 0 1 0 1 1 0 0 0 0 0 1 1 0 0 1 1 1 1 0 1 1 1 0 1 0 0 0 0 1 1 1 1 0 0 0 1 0 0 1 1 0 0 0 1 0 0 1 1 0 0 0 1 1 0 0 0 0 1 0 1 1 1 1 0 1 1 0 0 0 1 0 1 1 0 1 0 0 0 0 1 1 0 1 0 0 0 1 0 1 0 1 1 1 0 1 1 0 0 0 1 1 0 0 1 0 0 0 1 1 1 1 0 1 0 0 1 1 1 0 1 0 0 1 1 1 0 
1 0 0 0 0 1 0 1 1 1 0 0 1 1 1 1 1 1 1 1 0 0 1 0 1 1 1 1 1 1 0 1 0 0 1 0 0 1 0 1 1 0 1 1 1 1 0 0 1 0 0 1 1 1 0 0 1 1 0 0 1 0 1 1 1 0 0 0 0 1 0 0 1 0 0 1 0 1 0 1 1 1 0 0 1 0 1 0 0 1 1 1 0 0 0 0 1 0 1 0 0 0 1 1 0 0 0 0 1 1 1 1 0 1 1 1 0 1 1 1 1 0 1 0 1 1 0 0 0 1 1 0 0 0 1 1 0 0 0 1 1 1 1 1 0 0 1 1 1 1 0 0 1 0 1 0 0 0 1 1 0 0 1 1 0 0 0 1 1 0 1 1 0 1 0 
0 1 0 0 0 1 1 0 1 1 0 1 1 1 1 1 0 1 0 1 0 1 0 1 1 1 0 0 0 0 0 0 0 0 1 0 0 0 0 1 1 1 0 0 1 0 0 0 1 1 0 0 0 0 1 0 0 0 1 1 0 1 0 0 1 1 1 0 0 1 1 1 1 0 0 0 1 0 0 0 1 1 1 0 0 0 0 1 1 1 0 1 0 1 0 0 0 0 1 1 1 1 1 1 0 1 1 0 0 0 1 1 1 1 1 0 0 1 0 1 0 1 0 0 0 1 0 0 0 1 1 1 1 0 0 0 0 1 0 0 0 0 0 0 0 0 1 0 1 1 0 1 1 0 0 1 1 1 1 1 0 0 1 1 0 0 0 1 0 1 1 0 1 1 0 
1 1 1 0 1 1 1 0 0 1 0 0 1 1 0 0 0 0 1 1 0 1 0 1 1 0 1 0 1 1 1 0 0 1 1 1 0 1 0 0 0 0 0 0 0 0 1 1 1 1 0 1 1 1 0 1 0 1 0 1 0 0 1 0 1 0 1 1 1 1 0 0 1 1 0 1 1 0 1 0 1 0 0 1 1 1 0 1 0 0 1 1 0 1 1 0 1 1 1 0 1 0 1 1 0 1 1 0 0 0 0 0 1 0 0 1 0 0 0 1 0 0 1 0 0 0 0 0 1 1 1 0 1 0 1 1 0 1 1 1 1 0 1 0 0 0 1 1 1 1 1 1 1 1 1 1 1 0 1 1 1 1 0 1 1 1 0 1 0 0 0 1 1 0 1 
1 1 1 0 1 0 1 1 0 1 0 0 1 1 1 0 0 1 0 0 0 0 0 1 0 0 1 0 0 1 1 1 1 0 0 0 0 0 1 0 0 1 0 1 1 1 1 0 1 0 0 1 0 1 0 0 0 1 0 0 0 1 0 1 0 0 0 1 1 1 1 1 1 1 0 0 1 1 0 0 0 1 0 0 1 1 1 0 0 0 0 0 0 0 1 1 0 0 0 0 1 1 0 1 0 1 1 0 1 0 0 1 1 0 1 0 0 0 0 1 1 0 0 1 0 1 1 1 0 1 0 1 0 1 1 0 1 1 1 1 0 0 0 1 1 1 0 1 0 0 0 1 0 0 1 0 1 1 0 1 0 1 1 1 1 0 0 0 1 0 0 1 1 0 0 
1 0 1 0 0 1 0 0 1 1 1 0 0 0 1 0 0 1 1 1 0 0 1 1 1 0 0 1 0 0 1 0 0 1 0 0 0 1 1 1 0 1 1 0 1 1 0 0 1 1 1 1 1 1 1 1 1 1 0 1 1 0 0 0 0 0 0 1 0 1 0 1 1 0 0 1 0 0 1 0 0 1 1 0 1 1 0 1 1 1 1 0 1 1 1 0 0 1 1 1 1 1 0 1 0 0 1 1 1 1 1 0 0 0 1 1 0 0 0 0 1 1 0 1 1 0 0 0 1 0 0 0 0 1 1 0 0 0 1 1 0 1 0 1 0 0 0 0 0 0 0 0 1 0 1 0 1 1 1 1 1 1 1 0 0 0 1 1 0 1 0 0 0 0 0 
0 1 1 0 0 1 0 1 0 0 0 1 1 0 1 0 0 0 0 0 0 1 1 0 0 0 0 1 1 1 1 1 0 1 0 0 0 0 1 1 1 1 0 0 0 1 1 1 0 0 1 0 0 1 0 0 0 1 0 1 1 0 0 0 1 1 0 0 1 1 0 0 0 1 1 1 0 1 1 0 0 1 0 0 1 0 1 1 1 0 0 0 0 0 1 0 0 0 0 0 0 0 1 0 1 1 0 1 0 0 0 0 0 1 1 0 0 1 1 0 1 0 0 1 0 0 0 1 1 0 1 0 0 0 1 1 0 0 0 0 1 0 1 1 0 1 0 0 0 0 0 0 1 1 0 1 1 0 0 1 1 1 1 1 0 0 1 1 1 0 0 1 1 0 1 
1 1 0 0 0 1 0 1 0 0 0 0 1 0 0 0 1 0 0 1 1 1 1 0 0 1 0 0 0 0 1 1 0 0 1 1 1 0 0 1 0 1 0 0 1 0 0 1 1 0 0 0 0 0 0 1 1 1 0 1 0 0 1 0 1 1 1 0 1 0 1 0 1 0 1 1 1 1 0 0 0 0 0 1 1 0 0 1 1 0 0 0 1 0 1 1 1 1 1 1 0 1 1 0 0 1 1 0 1 1 0 0 0 1 0 1 1 0 0 0 0 0 1 1 0 0 0 0 0 1 1 0 1 0 0 1 0 0 1 0 1 1 0 0 0 0 1 0 0 1 0 1 0 0 0 1 1 0 0 1 1 0 0 0 0 0 0 1 0 0 0 1 0 0 0 
1 0 0 1 1 1 0 1 1 0 1 1 0 1 1 1 0 1 1 0 1 0 1 0 0 0 0 1 1 1 0 1 0 0 0 0 1 1 1 0 0 1 1 1 0 1 1 1 1 0 1 0 0 1 0 0 1 0 1 0 1 1 0 0 0 1 0 0 0 0 1 1 1 1 0 0 0 1 0 0 0 0 0 0 0 0 1 1 1 0 0 1 1 1 0 0 1 0 1 1 1 0 1 0 1 0 1 0 0 1 0 1 0 0 0 0 1 1 0 1 1 1 0 1 0 0 0 1 1 1 1 0 1 0 0 1 1 0 0 1 1 0 0 1 0 0 0 0 1 1 1 1 0 1 1 1 0 1 0 0 1 0 1 1 1 0 1 0 1 1 0 0 0 0 0 
0 0 1 0 0 1 0 0 1 0 0 0 1 0 1 1 1 0 0 1 1 0 1 0 0 1 0 0 0 1 0 0 0 0 0 1 0 0 0 0 0 1 1 0 1 0 0 1 1 0 1 1 0 0 1 1 0 1 0 0 0 0 1 1 0 1 1 0 0 0 1 0 0 0 1 1 0 1 1 0 0 0 0 0 0 0 0 1 0 1 1 1 1 1 1 1 0 0 1 0 0 0 1 1 1 0 1 1 1 1 1 1 1 0 1 0 0 0 0 1 0 0 0 0 1 1 1 0 0 1 0 0 0 0 0 1 0 0 1 1 1 0 0 0 1 0 0 0 0 0 0 1 1 0 1 1 0 0 0 1 0 0 1 1 1 1 1 0 1 0 1 0 0 0 1 
0 0 0 0 1 1 0 0 1 1 1 1 0 0 0 1 1 1 1 1 0 0 0 0 1 1 1 1 1 1 1 1 0 1 1 1 1 0 0 0 1 1 1 0 0 1 1 1 1 1 1 0 1 1 1 0 1 1 1 0 1 1 1 1 0 1 1 0 1 1 1 0 0 0 1 0 1 0 0 0 1 0 1 0 1 0 0 0 0 0 1 0 0 1 0 1 1 1 1 0 1 1 1 1 0 0 1 1 1 1 0 1 0 0 1 0 1 0 1 1 0 1 1 1 0 1 1 0 1 1 0 0 1 1 1 1 0 0 0 1 0 1 0 0 1 1 0 0 0 0 0 1 1 1 0 0 0 0 0 1 1 0 0 1 1 1 0 1 0 0 0 1 0 0 0 
1 0 1 0 0 1 0 0 1 1 1 1 1 1 1 0 1 0 1 1 1 1 1 0 1 0 1 0 1 0 1 0 0 1 0 1 1 0 1 1 0 0 1 0 0 1 0 0 0 1 1 0 1 0 1 1 1 1 0 1 1 1 0 0 0 1 1 1 1 0 1 0 1 1 1 1 1 1 1 1 1 1 0 0 1 1 0 1 0 0 0 0 1 1 1 1 0 1 1 0 1 0 1 1 0 0 1 1 0 0 0 0 0 1 0 0 1 1 0 1 1 0 0 0 1 1 0 1 0 0 0 1 1 0 1 1 1 1 0 0 1 0 0 0 0 0 1 0 0 1 0 1 1 1 0 1 0 0 0 1 1 1 1 0 1 0 1 0 0 0 1 1 0 0 0 