185 504 106 122 102 149 
0 1 0 1 1 1 0 0 1 0 0 1 1 0 1 1 0 0 1 1 1 1 0 1 0 0 0 0 1 0 0 0 1 1 1 0 1 0 1 1 1 0 1 0 0 1 0 1 1 1 1 0 1 0 1 1 0 1 0 1 1 0 0 0 0 1 1 0 0 1 0 0 1 0 0 0 0 0 1 0 1 1 0 1 0 0 1 1 1 0 0 0 0 0 0 0 1 0 1 0 1 0 1 1 0 0 1 0 0 0 0 1 1 1 0 0 0 0 0 0 1 1 1 1 1 0 0 1 1 1 0 0 0 0 1 0 0 1 0 1 1 0 1 1 1 1 1 0 1 0 1 1 1 1 1 1 0 1 0 1 1 0 0 1 0 1 0 1 0 1 1 1 1 1 1 0 1 1 1 0 1 1 1 1 1 
0 0 1 1 1 0 1 1 0 0 0 0 1 0 1 0 0 0 0 1 0 0 0 0 0 0 0 1 0 1 0 1 1 1 1 0 0 0 0 0 0 1 1 1 0 0 0 0 1 0 1 1 1 1 0 1 0 0 0 1 1 1 0 0 1 0 1 1 1 0 1 1 1 0 1 0 0 0 0 0 1 0 1 1 0 0 1 0 0 0 0 0 1 0 1 0 1 0 0 1 0 1 1 1 0 1 0 1 0 0 1 1 1 1 1 1 1 1 0 1 1 1 0 1 1 1 0 0 1 0 0 1 1 1 1 0 1 0 1 0 0 0 0 1 0 0 0 0 0 0 0 1 0 0 1 1 1 1 0 1 1 1 0 0 0 0 0 1 0 0 1 1 0 0 1 1 0 1 0 0 0 1 1 1 0 
1 1 0 1 1 0 0 0 1 0 0 1 0 0 0 1 0 1 0 1 1 1 0 1 1 0 1 0 1 0 1 0 0 0 0 0 0 1 0 1 0 0 1 1 0 0 0 1 1 1 1 1 1 1 1 1 0 1 1 0 0 1 0 0 1 0 0 0 0 1 1 1 0 0 1 1 1 1 0 0 1 1 1 1 1 0 1 0 0 0 0 0 1 0 1 0 0 0 1 0 0 1 0 1 0 1 0 1 0 0 1 1 1 0 1 0 0 1 0 0 1 1 0 0 1 1 0 1 1 1 1 1 1 1 0 1 0 0 1 0 0 1 1 0 1 1 1 0 1 0 0 0 1 1 0 1 0 0 1 1 0 1 1 0 1 0 1 0 1 1 1 1 0 1 1 1 1 0 0 1 1 0 1 1 1 
0 1 0 0 0 1 0 0 1 0 0 1 1 0 0 0 0 0 1 1 0 0 1 0 1 1 1 1 0 1 0 0 1 1 0 1 1 0 1 0 1 1 0 0 1 0 0 0 1 1 0 1 1 0 0 1 0 0 0 0 0 0 1 0 1 1 0 1 0 0 1 0 1 1 0 1 0 1 1 0 0 1 0 0 0 1 1 1 1 1 1 0 0 0 1 0 0 0 1 1 0 0 0 0 1 0 0 0 0 1 0 0 1 0 0 1 0 1 0 1 0 1 0 0 0 0 1 1 0 1 0 0 1 1 0 1 0 0 1 0 0 0 1 1 0 0 1 1 0 1 1 1 1 1 0 0 0 1 1 0 1 1 0 1 1 0 1 0 0 1 1 0 0 1 0 1 1 1 1 0 0 0 1 0 1 
0 1 0 1 0 0 0 1 0 0 1 0 0 0 1 1 0 0 1 1 0 1 0 0 0 0 0 1 1 1 1 1 0 1 1 0 0 0 0 0 0 1 0 1 1 0 0 0 0 1 1 1 1 1 1 0 1 0 1 1 1 0 0 0 0 1 0 0 1 1 0 1 1 0 1 1 0 0 1 0 1 0 1 1 1 0 1 0 1 0 0 1 0 1 0 0 1 0 0 0 0 1 1 1 0 0 1 0 0 0 1 1 0 0 1 1 1 0 0 1 0 0 1 1 1 0 1 0 1 1 1 1 1 1 1 0 1 1 1 1 0 0 1 1 0 0 1 1 1 0 0 1 0 1 1 0 1 1 0 1 0 1 0 0 0 0 1 1 0 0 0 0 1 0 1 1 1 0 0 0 1 1 0 1 0 
1 1 1 0 0 0 1 1 1 1 1 0 1 1 0 0 0 0 0 1 1 0 1 1 1 0 0 1 0 0 0 1 0 0 0 0 1 1 1 0 0 1 0 0 0 1 0 0 0 1 0 0 1 0 0 1 1 1 1 1 0 0 1 0 1 0 1 1 0 0 0 1 0 0 1 1 0 0 0 1 1 1 1 0 0 0 1 0 1 1 1 1 0 1 1 1 1 1 0 1 0 0 1 1 1 0 1 0 0 1 1 0 0 1 0 1 1 0 1 0 0 0 1 1 0 0 1 0 1 1 1 1 0 1 1 1 0 1 1 1 0 0 0 0 0 0 1 1 1 0 0 0 1 1 1 0 1 0 0 0 0 1 0 1 0 0 0 0 0 1 1 0 1 0 1 1 1 0 0 0 1 0 0 0 1 
1 1 1 1 0 1 0 0 0 0 1 0 0 1 1 0 1 0 0 1 1 1 1 0 0 1 1 1 0 1 1 1 0 1 0 0 0 0 1 0 0 0 0 1 0 1 1 0 0 0 1 0 1 0 0 1 1 1 1 0 1 1 0 1 0 1 1 1 0 0 1 1 0 0 1 1 1 1 0 0 0 0 0 1 1 1 1 0 1 1 1 1 1 1 1 1 1 1 1 1 0 1 1 1 0 1 1 0 0 0 1 1 1 0 0 0 0 1 1 1 0 0 0 1 1 1 1 0 0 1 1 1 0 1 1 1 0 0 0 1 1 0 1 1 0 0 1 1 1 1 1 1 0 1 1 1 1 1 1 1 1 0 1 1 0 1 1 0 1 1 1 0 0 0 0 0 0 1 1 0 1 0 0 1 0 
0 0 0 1 1 1 0 0 1 0 0 1 1 0 0 1 1 1 1 0 0 1 0 0 0 1 1 1 1 1 1 1 0 0 0 0 0 0 0 1 0 1 1 1 0 1 0 1 0 0 1 0 0 0 0 1 0 0 0 0 1 1 0 1 1 1 0 0 0 0 1 0 0 1 0 1 0 1 0 1 1 0 0 0 1 0 0 0 0 1 0 1 1 1 0 1 1 0 1 0 1 1 1 0 1 1 0 0 0 1 1 1 0 0 1 0 1 1 1 0 0 0 0 0 1 1 0 1 0 1 0 1 1 1 1 1 0 0 0 1 0 1 0 0 0 0 1 0 0 1 0 1 0 1 0 1 1 0 0 1 1 0 1 0 1 1 1 1 1 1 1 1 0 0 0 0 1 1 0 1 0 0 0 1 1 
0 0 0 1 0 1 1 1 0 1 0 1 0 0 0 0 0 1 1 0 1 0 0 1 0 0 1 1 1 1 1 0 0 1 1 1 0 1 1 0 0 0 1 0 0 0 0 0 0 1 0 1 0 1 0 1 1 1 0 1 1 1 0 1 0 0 0 0 0 1 0 0 1 1 0 0 1 0 0 1 0 1 1 1 1 1 0 0 1 0 1 1 1 0 1 0 1 1 1 1 0 0 0 1 1 1 0 0 0 1 0 0 1 1 1 0 1 1 0 1 0 1 1 0 0 1 1 1 1 1 1 0 0 1 1 0 0 0 1 1 1 0 1 0 0 1 0 1 0 0 0 1 0 0 0 0 1 0 1 1 0 1 0 1 0 1 0 1 1 0 0 0 1 1 1 1 0 0 0 0 1 1 1 1 1 
1 1 0 0 0 0 0 0 0 0 0 0 0 0 0 0 0 0 0 1 0 0 1 1 0 0 0 1 0 1 0 1 1 0 1 1 1 1 1 1 1 1 0 0 1 1 0 0 0 0 0 1 0 1 0 0 1 1 0 1 0 1 1 1 0 1 0 1 0 1 0 0 1 1 0 1 0 0 1 1 0 0 0 0 0 0 1 1 1 1 0 0 1 0 1 0 1 0 1 1 1 0 1 0 0 0 0 1 0 1 1 1 0 0 0 0 1 1 0 0 0 0 1 0 1 0 1 1 1 1 1 1 0 0 0 0 0 0 1 1 0 1 0 0 0 1 1 0 1 0 1 1 0 1 0 1 1 1 1 0 0 0 0 0 0 1 1 1 0 0 0 1 0 1 0 0 1 1 1 1 1 1 0 0 0 
0 1 1 0 1 1 0 1 0 0 0 0 1 1 0 0 0 0 1 0 1 1 0 1 0 1 0 1 0 1 1 0 1 0 0 1 0 1 0 1 1 1 0 0 0 0 1 0 0 1 0 1 0 1 1 0 1 0 0 0 0 1 0 1 1 0 1 1 1 1 0 1 1 1 1 1 0 1 1 0 0 1 0 1 0 1 0 0 0 0 0 0 1 0 1 1 1 0 1 0 1 1 0 1 1 1 1 1 1 1 0 0 0 1 0 0 0 1 1 1 1 0 1 0 0 0 1 0 0 0 0 0 1 0 0 1 1 1 0 0 1 0 1 1 0 0 0 0 0 0 1 1 0 0 1 0 1 0 1 1 0 0 0 0 0 0 0 0 0 1 1 0 1 0 1 1 0 0 0 0 0 1 0 0 1 
1 0 1 1 1 0 0 0 0 1 0 0 0 0 0 0 0 0 0 1 0 1 0 0 0 0 0 1 0 0 0 1 0 1 0 1 0 1 1 1 0 0 0 0 1 1 1 0 0 0 0 0 1 1 1 1 1 1 0 0 1 0 1 0 0 1 0 0 1 0 1 1 1 0 1 0 0 0 0 1 1 1 0 0 0 1 1 0 1 1 1 0 1 1 0 0 0 1 1 0 0 0 0 0 1 0 1 1 0 0 1 0 1 1 0 0 1 1 0 0 1 1 0 1 0 0 1 1 1 0 0 0 1 0 0 1 1 0 0 1 0 1 1 0 0 1 1 1 0 1 1 0 0 1 0 0 1 1 1 0 1 1 0 1 1 1 1 0 0 1 0 1 1 0 1 1 1 1 0 1 0 0 1 1 1 
1 0 1 0 1 0 1 0 0 1 1 0 0 1 0 0 0 1 0 1 1 1 1 1 0 0 1 0 1 0 1 0 0 0 0 1 0 0 0 1 1 0 1 0 1 0 1 0 1 0 1 1 0 0 0 0 0 0 0 0 1 0 0 0 0 0 1 0 0 0 0 0 1 0 1 0 1 0 1 0 0 0 0 1 1 1 1 0 1 0 0 0 0 0 1 1 1 0 0 0 0 0 0 1 0 1 0 0 0 0 1 1 1 1 1 0 0 0 0 1 1 1 0 1 0 1 0 0 1 1 1 0 0 0 0 1 0 1 0 0 1 1 0 1 0 0 0 0 1 1 1 0 1 1 0 1 0 0 1 1 1 0 1 1 0 0 0 0 0 1 0 0 0 1 0 1 1 1 0 1 0 1 1 0 1 
0 1 1 1 1 1 0 0 1 1 1 1 0 0 0 0 0 1 0 0 1 1 1 1 1 1 0 1 1 1 0 1 0 1 0 0 1 1 0 0 0 1 1 1 0 1 0 0 1 0 0 0 0 1 1 0 1 1 1 0 0 1 0 1 1 1 1 0 1 0 0 0 0 0 1 1 0 1 1 0 0 0 1 0 1 0 1 1 1 1 0 1 1 1 1 1 1 1 1 1 0 1 0 0 0 0 0 1 1 1 1 1 0 0 1 1 1 0 1 0 1 1 0 0 1 1 1 1 0 1 0 1 0 1 0 1 0 0 0 1 0 0 1 0 0 1 1 0 0 1 1 1 1 0 1 1 1 1 0 1 0 1 1 1 1 0 0 0 0 1 0 1 0 0 0 1 1 0 0 0 1 0 1 1 1 
0 0 1 0 1 1 1 0 0 1 1 1 1 0 0 1 0 1 0 1 0 1 1 0 0 0 0 0 1 1 1 0 0 0 1 0 0 1 1 0 1 0 1 1 1 1 0 0 1 1 1 0 1 0 0 0 0 0 1 1 0 0 1 1 1 0 1 0 0 1 0 0 1 1 1 0 1 1 0 1 0 0 0 1 0 0 1 0 0 0 1 0 1 1 1 1 0 0 0 0 0 0 0 0 0 0 1 1 0 1 1 1 1 1 1 1 0 0 1 1 1 1 0 0 0 1 1 1 1 1 0 0 1 1 0 1 1 1 0 1 0 1 1 0 1 1 0 1 1 1 0 0 0 1 1 1 1 1 0 1 1 1 1 1 0 1 1 0 1 1 1 0 0 0 1 1 0 0 0 1 0 1 0 0 0 
0 1 0 0 1 0 0 0 0 1 0 1 0 0 1 0 1 1 0 1 1 0 1 0 0 0 1 0 1 0 0 1 1 1 1 1 0 0 0 1 1 0 1 0 1 1 1 1 1 0 1 1 0 1 0 0 1 0 1 0 0 1 0 0 1 1 0 1 1 0 0 0 1 0 1 1 1 0 0 1 0 1 0 1 1 1 1 0 0 0 1 1 0 1 1 1 0 1 1 0 0 0 1 0 0 0 1 1 0 0 0 0 0 0 1 1 1 0 0 1 0 0 0 0 0 1 0 0 1 0 0 0 1 0 0 0 0 1 1 1 1 0 1 1 0 0 0 0 1 0 1 0 0 0 1 0 1 0 0 0 1 1 0 1 1 1 1 1 0 1 1 1 0 1 1 1 1 1 0 0 0 0 0 0 1 
0 0 0 0 0 1 1 0 1 0 0 0 0 0 1 1 0 1 1 1 1 1 0 1 1 0 1 1 0 0 0 0 0 0 1 1 0 0 0 1 0 1 0 1 0 1 1 0 1 1 0 1 0 0 0 0 1 1 0 0 0 1 1 1 0 1 0 1 1 1 0 1 1 1 0 1 1 1 0 0 1 0 1 1 0 1 0 0 0 1 0 1 1 1 0 1 0 0 1 1 1 0 1 0 1 1 1 0 0 1 0 0 0 1 1 0 1 1 1 1 0 1 0 1 1 1 1 0 1 1 0 1 0 0 0 0 1 1 1 0 0 1 1 1 0 0 0 1 1 1 0 0 0 0 0 1 1 0 1 0 0 1 0 1 0 0 1 1 1 0 1 0 1 1 0 0 0 0 1 0 1 0 1 1 1 
1 1 0 0 1 1 0 0 1 1 1 0 0 0 1 0 1 0 1 0 0 0 0 1 1 0 1 1 0 1 0 0 0 1 0 1 1 1 0 0 0 1 1 1 0 0 1 1 0 1 1 0 1 1 0 1 1 1 1 0 1 0 0 0 1 0 0 1 1 1 0 0 1 0 0 0 0 0 1 0 1 1 0 0 0 1 1 1 1 0 1 1 0 1 0 0 1 0 0 0 0 0 0 1 1 0 0 0 1 0 1 0 0 1 0 1 1 0 1 0 1 0 0 0 0 0 1 0 1 1 1 1 1 0 0 1 0 1 0 1 1 1 0 0 1 0 0 1 0 0 1 0 1 1 0 0 0 1 1 1 1 1 0 0 0 0 0 1 1 1 0 0 1 0 0 1 0 1 1 1 1 1 1 1 0 
1 0 1 0 1 1 0 1 1 1 0 1 0 1 1 1 1 1 0 0 1 0 1 1 1 0 1 0 0 1 0 1 1 0 0 1 1 1 0 0 1 0 0 0 1 1 0 1 0 1 1 0 0 0 0 0 1 1 1 0 1 1 1 0 1 0 0 0 0 1 1 0 0 0 0 1 0 0 0 0 0 0 0 0 0 0 1 1 1 0 0 1 0 0 0 0 0 0 0 0 1 0 1 1 1 1 0 0 1 1 1 0 1 0 1 0 0 0 0 0 0 0 0 1 1 0 1 0 1 1 0 1 0 0 0 0 0 1 1 1 1 1 0 1 0 0 1 1 0 1 1 0 1 1 0 0 0 0 1 0 0 1 1 1 0 1 1 1 1 0 0 1 0 1 0 0 0 1 1 0 1 1 1 1 0 
1 1 0 0 1 1 1 0 0 0 0 1 1 0 1 1 0 1 0 0 0 1 0 0 1 1 1 0 1 1 1 1 0 0 0 0 1 0 0 1 1 1 0 1 0 0 1 0 0 0 0 1 1 0 1 0 0 0 0 1 1 1 1 0 1 0 0 1 0 1 1 0 1 1 0 1 1 1 1 0 0 1 0 0 1 1 1 1 1 1 0 0 0 0 1 1 1 1 1 1 1 1 1 0 1 1 1 0 1 1 1 0 1 1 0 1 1 0 0 1 0 1 0 0 0 0 0 0 1 1 0 0 1 1 1 0 1 1 0 1 0 0 0 0 0 1 1 0 0 1 0 0 1 1 0 0 0 0 0 0 0 1 0 1 1 1 0 0 1 1 1 1 1 0 0 0 0 1 0 0 1 0 0 0 1 
0 0 1 0 1 1 1 1 1 1 1 0 1 0 1 1 1 0 0 1 0 1 0 0 0 0 0 1 0 0 1 1 0 0 1 1 0 1 1 1 0 0 1 0 1 0 1 1 0 0 1 0 1 1 1 0 0 0 0 1 1 1 1 1 0 0 0 1 1 1 1 1 0 1 0 0 1 0 0 0 0 1 1 1 1 1 1 0 1 0 1 1 1 0 1 0 0 1 0 0 1 1 1 1 0 1 1 1 0 0 1 0 1 1 1 1 1 0 0 1 0 1 1 1 0 1 1 1 1 0 1 1 0 0 0 0 0 1 0 0 0 0 1 1 1 0 1 1 1 1 1 1 0 1 0 0 0 1 1 0 0 0 1 0 0 0 1 0 1 1 1 1 0 0 0 0 1 1 0 0 0 0 1 0 1 
0 1 0 0 1 1 1 1 0 0 1 1 0 1 1 0 0 0 0 0 0 0 0 0 0 0 1 1 1 0 0 0 1 0 1 1 0 0 1 0 1 0 0 0 1 0 0 0 0 1 0 1 1 1 1 0 1 1 1 1 1 1 1 1 1 1 1 0 1 0 1 0 1 1 1 1 0 1 1 0 0 1 0 0 0 0 0 0 0 0 0 0 1 0 1 1 0 1 0 0 1 1 0 1 1 0 0 0 1 0 1 1 0 0 1 1 0 1 0 0 0 0 0 1 1 1 1 1 0 0 1 1 0 1 0 0 0 0 0 0 0 0 1 0 0 0 1 1 0 0 1 0 1 1 1 0 0 1 1 0 0 0 0 0 1 0 1 0 1 0 1 0 1 0 0 0 1 1 1 1 0 0 0 0 1 
0 0 0 0 0 0 0 1 1 0 0 0 1 1 0 0 1 1 1 0 0 1 0 0 0 0 0 0 0 1 1 0 1 1 1 0 0 1 1 1 1 0 1 0 1 1 1 0 1 1 0 0 1 1 1 1 1 1 0 1 1 1 0 1 0 0 1 0 0 0 1 0 0 0 0 0 1 1 0 0 1 0 1 0 0 1 0 0 1 1 1 1 1 1 1 1 0 0 0 0 0 0 0 1 1 1 0 0 0 0 0 1 0 0 0 0 0 0 0 1 1 0 1 0 0 0 0 0 0 0 0 1 1 1 0 0 1 1 0 1 0 0 0 1 0 0 0 1 0 1 0 0 0 1 0 1 0 1 0 1 1 1 0 1 0 0 0 0 1 1 0 0 1 0 1 1 1 0 0 1 0 1 0 0 1 
0 1 1 1 1 1 1 0 0 1 0 0 0 1 0 0 0 0 0 1 0 1 0 0 0 1 1 1 0 0 0 0 0 0 1 0 0 0 0 0 0 0 1 1 1 1 1 1 1 1 1 1 1 1 0 0 1 0 0 0 1 0 1 0 0 1 1 1 1 0 0 0 0 0 0 1 0 1 0 1 1 0 1 0 1 1 0 0 0 0 1 0 1 0 1 1 1 0 0 1 1 0 1 0 1 0 0 1 0 1 0 0 0 0 0 1 0 0 1 1 1 1 0 1 0 0 0 1 1 0 0 0 0 0 1 0 0 0 0 1 1 1 1 1 0 1 1 1 1 1 1 1 0 1 1 0 0 1 1 1 1 0 0 1 1 1 1 1 0 1 0 0 0 0 1 1 0 1 1 0 1 0 1 1 0 
1 1 0 0 1 0 0 1 1 1 1 0 1 0 1 0 1 0 1 1 0 1 0 1 0 1 1 0 0 1 0 0 0 1 0 0 1 0 1 1 0 1 0 1 0 0 0 0 0 1 1 0 0 1 1 0 0 1 1 1 0 0 1 1 1 1 0 0 0 0 0 0 1 1 1 1 0 1 1 0 1 0 1 0 0 0 1 0 1 0 1 0 0 0 0 1 0 1 1 1 1 1 1 0 1 0 1 0 1 0 1 1 0 1 1 1 1 0 0 0 0 1 0 1 0 0 0 1 0 1 0 0 1 1 0 1 0 1 0 1 1 1 1 0 0 1 1 0 1 0 0 0 0 0 0 0 1 0 0 1 1 1 0 1 0 0 0 0 1 0 1 0 0 1 1 1 1 1 0 0 0 0 0 1 0 
0 1 0 0 1 1 1 1 1 0 0 0 0 1 0 0 0 0 1 1 0 0 0 0 1 0 0 0 0 1 0 1 0 0 0 1 1 0 0 0 0 0 0 1 1 1 0 1 0 1 0 0 0 0 1 1 1 0 0 1 0 1 0 1 1 1 1 1 1 0 0 1 1 0 1 0 0 1 0 0 1 1 0 0 1 1 1 1 1 1 0 1 0 1 1 0 1 1 0 1 0 1 1 0 1 1 0 0 1 1 0 1 1 1 0 1 1 0 1 1 1 1 1 0 0 0 1 0 0 1 1 1 0 0 1 0 0 0 0 1 1 1 1 1 1 1 0 1 1 1 1 0 0 0 0 1 1 0 1 0 0 0 1 0 0 1 0 1 1 0 1 1 0 1 1 1 1 1 0 1 0 1 1 1 1 
0 1 0 1 1 0 1 0 0 0 0 1 0 0 0 0 1 0 0 0 1 0 1 1 0 1 0 0 1 0 0 1 1 0 0 0 1 1 0 1 0 1 0 1 0 1 1 1 0 1 0 1 0 1 0 0 0 0 1 1 0 0 1 1 1 1 0 0 0 0 0 1 1 0 1 1 1 0 1 0 0 1 1 0 0 0 1 0 0 1 0 0 0 1 1 1 1 0 0 0 0 1 1 1 1 0 0 1 0 0 0 1 0 1 1 0 0 0 0 1 1 0 1 0 1 0 0 1 1 1 1 1 0 1 1 0 1 1 0 1 0 1 1 0 1 1 0 0 0 0 1 0 0 1 1 1 0 1 1 1 0 1 1 1 0 0 0 1 0 0 0 1 1 1 0 0 0 0 0 1 1 0 0 1 1 
1 1 1 0 0 1 1 0 1 1 1 0 1 0 1 0 1 1 0 0 0 0 1 1 1 1 0 0 0 1 0 0 1 0 0 0 1 0 0 1 1 1 1 0 0 1 1 0 1 1 0 1 1 1 0 0 0 1 1 0 0 0 0 1 1 0 1 1 0 0 0 0 1 0 1 1 0 0 0 0 0 0 0 1 1 1 1 0 0 0 0 0 1 0 1 1 1 1 1 0 1 1 0 0 0 0 1 0 0 0 1 1 1 0 0 1 1 0 0 1 0 1 1 0 0 1 1 1 1 1 1 1 0 1 0 1 1 1 0 0 1 1 1 1 0 1 0 1 0 1 0 1 0 1 1 1 0 0 1 0 1 1 1 1 1 1 1 0 0 1 0 0 1 1 0 0 1 1 0 1 0 0 1 1 0 
0 1 0 1 1 1 0 0 1 1 0 1 1 0 0 0 0 0 1 1 1 1 0 1 1 0 0 0 0 1 1 0 1 0 0 0 1 1 1 1 1 0 1 1 1 1 1 1 1 0 1 1 0 1 1 1 0 1 0 0 1 1 0 0 0 1 1 0 1 0 1 1 0 1 0 0 1 1 0 0 1 1 0 0 0 0 1 1 1 1 0 1 1 0 0 1 1 1 0 0 0 0 0 0 0 0 0 1 0 0 0 1 0 0 0 0 0 0 0 0 1 0 1 1 1 0 0 1 1 1 0 0 0 1 1 1 0 1 0 0 0 1 1 1 1 1 0 1 1 0 0 1 1 0 0 1 0 1 0 0 1 1 1 0 1 0 1 0 1 0 1 1 0 0 1 1 1 0 0 0 0 1 1 0 1 
0 0 1 0 0 1 1 0 0 0 0 1 0 1 0 1 0 1 0 0 1 1 0 1 1 1 1 0 1 0 0 1 1 0 0 1 0 0 1 1 1 1 1 1 0 1 0 1 0 0 0 1 0 1 1 1 0 0 0 1 1 0 1 1 0 1 0 0 1 0 0 1 1 0 1 0 0 0 1 1 1 0 0 0 0 1 0 0 1 0 1 0 1 0 1 0 0 0 0 0 0 1 1 1 0 0 1 0 1 1 0 0 0 1 0 1 1 0 1 1 0 0 1 1 1 1 0 1 0 0 0 0 1 0 0 0 1 1 1 0 0 1 0 1 1 0 0 0 0 0 0 1 0 1 0 0 0 1 1 1 1 1 0 0 1 1 1 1 1 1 0 1 1 1 1 0 0 0 0 1 1 1 0 0 0 
0 0 1 0 0 1 0 0 1 0 1 1 1 0 1 1 0 1 0 1 1 0 1 1 0 0 1 0 1 1 0 0 1 0 0 1 0 1 1 1 1 0 0 0 1 1 1 0 0 0 0 0 0 0 1 1 1 0 0 0 0 1 1 0 0 1 0 1 0 1 0 1 0 1 0 0 1 0 0 0 0 1 0 1 0 0 1 0 0 0 1 0 1 1 1 0 0 1 1 1 0 0 0 0 1 0 0 0 1 0 1 0 1 0 0 1 1 0 0 0 0 1 0 0 0 0 0 0 0 0 0 1 0 1 1 0 1 0 0 1 1 1 1 1 0 0 1 1 0 1 1 1 1 0 1 0 0 1 1 1 0 0 1 0 1 1 1 0 1 1 0 0 1 1 0 1 1 1 1 1 1 1 0 1 0 
1 0 0 1 0 1 1 1 1 0 0 1 1 0 0 0 0 1 0 0 1 0 0 1 0 0 1 0 1 1 1 0 1 0 1 1 0 1 1 1 1 1 1 0 0 0 1 1 0 1 1 0 1 1 0 1 1 1 0 1 1 0 0 0 0 0 0 1 1 1 1 1 1 0 0 1 0 1 1 0 1 0 0 1 1 0 1 0 1 1 1 1 0 1 1 0 1 0 0 0 0 1 1 1 1 1 1 1 0 0 1 0 1 0 0 1 1 1 1 1 1 0 1 1 0 1 1 0 1 1 1 1 1 1 1 1 1 1 0 1 1 0 0 1 0 1 0 0 1 0 0 0 0 1 0 1 0 0 0 1 1 0 0 1 0 1 0 0 0 1 1 0 0 1 1 0 0 0 1 0 1 1 1 0 1 
1 0 0 0 0 1 0 1 0 1 1 0 0 0 1 0 1 0 0 1 0 0 1 1 1 0 1 0 0 1 0 0 0 1 1 1 1 0 1 0 0 1 1 1 0 1 1 1 1 1 0 1 1 0 0 0 0 0 0 0 0 1 0 0 1 1 0 1 1 1 0 1 0 0 1 0 0 0 0 1 0 1 0 1 1 0 1 1 1 0 0 0 0 0 1 1 1 0 1 1 1 1 0 1 1 1 1 0 1 1 1 0 0 0 1 1 0 0 0 1 0 0 0 0 1 0 0 1 0 1 1 1 1 1 1 0 0 1 0 1 1 0 1 0 1 0 0 1 0 1 1 0 1 0 0 0 0 0 0 1 1 0 1 1 0 1 0 0 0 1 0 1 1 1 0 0 1 0 1 0 1 1 1 0 0 
1 0 0 0 0 0 1 1 0 0 1 0 1 0 0 0 0 1 1 0 0 0 0 1 1 1 0 0 0 0 0 0 0 0 1 1 0 1 1 0 0 1 1 0 0 1 1 1 0 1 1 0 1 1 1 0 0 1 0 1 1 0 1 1 1 1 0 0 1 1 1 0 0 0 0 1 1 0 0 1 0 1 0 0 1 1 1 0 0 0 1 0 1 0 1 1 0 1 1 0 1 0 0 1 0 1 1 0 0 1 1 1 1 0 0 0 1 0 1 0 0 1 1 0 1 0 0 1 1 0 1 0 0 1 0 1 0 0 1 0 0 0 0 1 0 1 0 0 0 1 0 1 1 1 1 0 0 0 0 1 1 0 0 0 1 1 0 1 0 0 1 0 0 0 0 1 1 0 0 0 1 1 0 0 0 
0 1 1 1 0 1 0 0 1 0 1 1 0 0 1 1 0 0 0 0 1 1 0 0 1 0 1 1 1 0 1 0 0 0 0 0 0 0 0 0 0 1 0 1 1 0 0 0 0 0 0 1 1 1 1 0 0 1 1 1 0 0 1 1 1 0 0 0 1 1 0 0 0 0 1 0 0 0 0 1 1 0 1 1 1 0 0 0 0 0 0 0 1 1 1 1 1 0 0 0 0 0 1 0 1 1 1 1 0 0 0 0 1 0 0 1 1 0 1 1 1 0 1 1 0 1 1 0 0 1 1 1 0 0 1 0 0 0 1 0 1 1 1 1 1 0 0 0 0 1 0 0 0 0 1 1 0 1 1 1 0 1 1 1 0 0 1 1 1 1 0 0 0 0 0 1 0 0 0 0 1 0 1 0 1 
0 0 1 0 0 0 1 0 0 0 0 0 1 1 0 0 0 1 0 1 1 1 0 1 0 1 0 0 0 1 0 0 0 1 0 0 0 0 1 0 0 1 0 1 0 1 1 0 0 1 1 0 0 0 0 0 0 1 1 1 0 0 0 0 0 0 1 1 0 0 0 1 0 0 1 0 1 1 0 1 1 0 1 1 0 0 1 0 1 1 0 0 0 1 1 0 1 0 0 0 0 1 0 0 1 0 0 0 0 0 0 0 1 0 1 1 1 1 1 0 1 0 0 1 1 1 1 1 0 0 1 1 1 0 0 1 1 1 1 0 0 0 0 0 0 0 0 1 0 1 0 1 1 1 0 1 0 0 0 1 0 1 1 1 1 1 0 1 0 1 0 0 1 0 0 0 0 1 0 0 0 0 1 0 0 
0 1 1 0 1 0 1 1 0 0 0 0 1 0 1 0 0 1 0 0 1 1 0 0 0 0 1 0 0 1 0 0 0 1 1 0 0 1 0 1 1 1 0 1 1 1 1 1 0 1 0 0 0 0 0 1 1 1 1 1 1 0 0 0 0 0 0 1 0 0 1 0 1 0 0 0 1 1 1 1 1 0 0 0 0 0 0 1 0 0 0 0 1 0 0 0 0 1 1 1 0 0 0 0 0 1 1 1 0 0 0 0 0 1 1 1 0 0 0 1 1 1 1 0 0 1 1 1 0 0 0 1 0 0 0 1 1 0 1 1 0 0 1 1 0 0 0 0 0 0 1 0 0 0 0 0 1 1 1 1 0 1 1 1 1 0 0 1 0 0 0 1 0 0 0 1 0 0 1 0 1 1 0 1 0 
0 1 1 1 0 0 1 0 0 0 0 1 1 0 1 0 1 1 1 0 0 1 1 0 0 0 1 0 1 1 1 1 0 1 0 1 1 0 1 0 1 1 1 0 1 0 1 0 0 1 1 0 0 1 1 1 1 1 1 0 1 1 1 0 1 0 1 0 0 1 1 1 0 0 0 0 1 0 1 0 0 1 0 1 0 1 0 1 0 1 0 1 0 0 0 0 0 1 0 0 0 1 0 0 1 1 0 0 1 0 0 1 0 1 1 0 1 1 1 0 1 0 1 1 0 0 0 0 0 0 0 1 1 1 1 1 0 1 1 1 0 0 1 0 1 0 0 0 0 0 1 1 0 1 0 1 0 1 1 0 0 0 1 1 1 0 0 0 1 1 1 0 0 1 1 1 0 0 1 0 1 0 1 0 1 
0 0 1 1 0 1 1 1 1 1 0 0 0 0 0 0 1 1 1 1 0 0 1 1 1 0 1 0 0 1 0 1 1 0 1 1 0 1 0 1 1 0 1 1 0 1 1 1 0 0 1 0 1 0 1 0 0 0 1 0 1 0 0 1 1 0 1 1 1 0 1 0 1 0 1 1 0 1 1 0 0 0 1 1 0 1 1 0 0 1 0 0 0 1 0 1 0 0 1 1 1 1 0 1 0 0 1 0 1 1 0 1 1 0 1 1 1 1 0 0 1 1 0 0 0 0 0 0 1 1 1 0 1 0 1 1 0 0 1 0 0 1 0 0 1 1 1 1 0 0 1 1 1 1 0 1 0 0 1 1 0 0 1 0 0 0 0 1 1 1 0 0 0 0 0 0 0 0 0 1 0 0 1 1 1 
0 0 0 1 1 1 1 0 0 0 1 1 0 1 1 1 0 0 0 0 1 1 1 1 0 0 0 0 0 0 0 1 0 0 1 0 1 0 1 0 1 0 0 1 1 1 0 0 0 0 1 0 1 0 0 0 1 0 0 0 1 0 1 1 0 0 1 1 0 1 0 1 1 0 1 0 0 1 1 1 0 0 1 0 0 0 0 1 0 0 1 0 1 0 0 0 1 0 1 1 1 0 0 0 0 0 0 1 0 0 1 0 1 1 1 1 1 0 1 0 1 1 1 0 0 0 0 0 0 1 1 1 1 0 1 0 0 0 0 0 1 0 1 0 1 1 1 1 1 0 1 0 0 0 1 1 0 1 0 0 1 0 0 1 1 0 1 1 1 0 1 1 1 0 1 1 1 0 0 0 1 0 0 0 1 
0 0 1 1 1 1 0 1 1 0 0 0 1 1 0 0 1 1 0 0 0 0 0 1 1 0 1 0 0 1 0 1 0 1 0 0 1 1 0 0 0 0 0 1 0 1 0 0 0 0 1 1 0 0 1 0 1 1 0 0 1 0 0 0 0 1 0 1 0 1 1 1 0 0 0 1 0 1 1 1 0 1 0 1 1 1 1 0 0 0 1 1 1 0 0 0 1 0 0 0 1 0 0 1 1 0 0 1 1 1 0 0 0 1 1 1 0 0 0 1 0 1 1 1 1 0 0 1 1 0 0 1 1 1 1 0 1 1 1 0 0 0 1 1 0 0 0 0 0 1 1 0 1 1 0 0 1 0 1 0 0 1 1 1 1 0 0 1 0 1 1 0 1 1 0 1 0 0 0 1 0 1 0 0 0 
1 0 0 1 1 0 0 1 1 1 1 0 1 1 0 1 1 0 1 1 0 1 1 0 1 0 0 0 0 1 0 0 1 1 1 1 0 1 0 1 0 0 0 0 1 0 1 0 1 0 1 0 0 0 0 0 1 1 0 0 0 1 1 1 0 0 1 0 0 0 1 0 0 0 1 1 1 0 0 1 0 0 0 1 0 0 1 0 0 0 1 0 0 0 0 0 0 1 0 1 0 0 1 0 0 0 1 1 1 1 1 1 1 0 0 0 0 1 1 0 1 1 0 0 1 0 0 1 0 1 0 1 0 0 1 1 1 1 1 1 1 1 1 0 0 1 0 0 0 0 1 0 0 0 1 0 1 1 1 1 0 0 1 0 0 1 1 0 1 0 0 0 0 1 1 1 1 0 1 1 1 0 1 1 0 
1 1 0 0 1 1 1 0 1 1 0 1 1 1 0 1 1 1 1 0 0 1 0 0 1 0 0 1 0 1 1 1 1 1 1 1 0 1 0 0 1 1 0 1 0 1 1 0 0 0 1 0 1 1 0 0 0 0 1 1 1 1 1 0 0 0 0 0 1 0 0 0 0 0 0 1 0 0 1 0 1 0 0 1 0 0 1 0 1 0 0 0 1 0 1 1 1 0 1 0 1 0 1 0 1 0 1 0 1 1 1 1 0 0 0 0 1 1 0 1 0 0 1 0 0 1 0 0 1 0 0 0 0 1 1 0 1 1 0 0 1 0 0 0 0 1 0 1 1 0 0 0 0 1 0 1 0 0 0 1 0 0 1 1 1 1 1 1 0 1 0 0 1 0 1 0 1 0 0 0 0 0 0 1 1 
1 1 1 1 0 0 0 0 1 0 1 1 0 0 1 1 1 0 0 1 0 0 1 1 1 1 0 0 1 1 0 1 1 1 0 1 1 0 1 0 1 0 1 0 0 0 0 0 1 0 0 1 1 0 0 0 1 1 1 0 1 1 0 1 1 0 0 1 1 0 0 0 1 0 1 0 0 1 0 0 0 0 1 0 1 0 0 1 1 0 1 0 0 0 0 1 0 1 1 0 0 1 0 1 0 0 0 1 0 0 0 1 0 0 1 0 1 1 0 0 1 0 1 1 0 0 1 1 0 1 0 0 0 0 1 1 0 0 1 0 0 1 0 0 1 0 0 0 0 0 1 0 1 0 1 1 1 0 1 1 0 0 1 0 1 0 0 0 1 1 1 0 1 0 0 1 1 1 1 1 0 1 0 0 0 
0 0 1 1 0 1 1 1 1 1 1 0 0 0 0 0 1 1 0 0 1 1 0 1 1 0 1 0 0 0 0 0 1 1 0 0 0 0 0 1 0 1 1 0 0 0 0 1 0 1 1 1 1 1 1 0 1 0 1 1 0 1 1 1 1 0 0 0 0 1 1 1 1 0 0 1 0 0 0 0 1 0 0 0 1 1 1 0 1 0 0 1 0 0 0 1 0 0 0 1 1 0 0 1 1 0 0 0 1 1 1 1 0 1 0 1 1 1 1 1 0 1 1 1 1 1 0 1 0 1 0 0 1 0 1 1 0 0 0 0 1 0 1 0 1 1 0 0 0 1 1 1 1 0 0 1 0 1 1 1 0 0 0 0 0 0 0 1 0 1 1 1 1 1 0 1 1 1 1 1 0 1 1 1 0 
0 1 1 1 0 1 1 0 0 1 1 0 1 1 0 1 1 1 0 1 0 1 0 1 1 1 1 1 0 1 0 0 1 1 1 1 1 1 0 1 1 0 0 0 1 0 0 0 1 0 0 0 0 0 0 0 1 0 0 1 0 1 0 1 1 1 1 0 0 1 1 1 0 1 0 1 0 1 1 1 0 0 1 0 0 1 0 0 1 0 0 0 1 0 1 1 0 1 0 0 1 1 1 0 1 1 0 1 1 1 1 0 1 0 0 1 1 1 0 0 0 0 1 1 1 1 0 0 1 0 1 1 1 1 1 1 0 0 0 0 0 1 1 1 1 1 1 0 0 1 0 0 0 0 0 0 1 0 1 0 1 0 0 1 1 0 1 1 1 0 1 1 1 0 1 1 0 1 1 0 0 0 1 0 1 
0 0 0 1 1 0 0 1 0 1 0 1 1 0 1 1 0 0 0 0 1 1 1 0 1 0 1 1 1 1 0 1 1 1 0 1 0 0 0 0 1 0 1 0 0 0 0 0 1 0 1 1 0 1 0 1 1 1 0 1 0 0 0 0 0 1 0 0 1 0 1 0 0 1 1 1 1 1 1 1 1 0 1 0 1 1 1 1 0 0 1 1 0 1 0 0 1 0 1 0 0 1 1 0 0 1 0 0 1 0 1 0 1 1 1 1 1 1 1 1 1 0 0 0 1 0 0 0 0 0 1 1 1 0 1 1 0 0 1 0 1 1 0 0 0 0 1 0 1 1 0 0 0 0 0 1 0 0 0 1 0 0 0 0 0 1 1 0 1 0 1 0 1 1 1 0 0 1 0 0 0 0 1 0 1 
0 0 0 0 1 1 1 0 1 1 1 1 1 1 0 1 1 0 0 0 0 1 0 1 1 1 0 0 1 0 1 1 1 1 0 0 1 0 0 1 0 0 1 0 0 1 0 0 0 0 1 0 0 0 1 0 0 0 1 1 1 1 0 0 0 0 0 0 1 0 0 0 1 0 1 1 1 0 1 0 0 1 0 1 0 0 0 1 1 1 1 1 1 1 0 0 0 1 0 1 0 1 1 0 1 1 1 1 0 1 0 0 0 1 0 1 1 1 1 0 1 0 1 0 1 1 0 0 0 0 0 0 1 1 1 0 1 0 0 0 1 1 1 1 1 0 1 1 0 1 0 1 0 1 1 1 1 0 1 0 1 0 0 1 1 1 0 0 1 0 1 0 1 0 1 1 1 1 1 0 0 0 0 1 0 
0 0 1 1 1 1 1 1 1 0 1 1 1 1 0 1 1 1 0 0 1 0 1 1 0 1 1 0 1 0 1 0 0 1 1 1 0 1 1 1 1 1 0 0 0 0 0 0 0 1 0 1 0 0 1 1 1 1 0 1 1 0 1 0 0 1 1 0 0 1 0 0 0 1 1 1 1 1 0 1 1 0 1 0 1 1 0 0 1 1 1 1 0 0 1 1 0 1 0 1 1 0 1 1 1 0 0 0 1 1 0 1 0 1 0 1 0 1 0 0 0 1 1 0 1 0 0 1 1 0 0 1 1 1 0 1 1 1 0 0 0 1 1 1 1 1 0 1 1 1 0 1 0 1 0 0 0 1 0 0 1 1 0 1 0 1 1 0 0 1 1 1 1 1 0 1 1 1 1 0 0 1 1 0 1 
1 1 1 0 0 1 0 1 0 0 1 1 0 0 1 1 1 1 0 0 0 0 1 0 1 0 1 0 1 1 0 1 1 0 1 0 1 1 0 0 1 0 1 1 0 0 1 1 1 0 0 0 1 0 1 1 0 1 1 1 0 0 1 1 1 1 0 0 1 1 0 0 1 0 0 0 0 1 1 0 1 1 0 1 0 1 0 1 0 1 1 0 1 0 0 1 1 0 1 1 0 1 1 0 0 1 1 0 1 1 0 0 0 0 0 0 0 1 0 0 0 1 0 0 0 0 1 1 1 1 0 0 0 1 1 0 0 0 0 0 1 1 0 0 1 1 0 0 1 1 1 1 0 0 1 0 1 0 1 0 1 1 0 1 0 1 1 0 1 0 1 0 1 1 1 0 0 1 0 0 0 0 1 0 1 
0 0 1 0 1 0 1 1 0 1 0 1 1 1 1 0 1 0 1 1 1 0 0 0 0 0 1 1 1 1 1 0 0 1 0 0 0 1 0 1 0 0 0 1 0 0 1 1 1 1 0 0 0 0 0 1 1 0 1 1 0 0 0 0 0 0 0 0 1 0 0 1 0 0 1 0 0 0 1 0 0 1 1 0 1 0 1 1 0 0 1 0 1 1 1 1 0 1 0 1 0 1 0 1 0 0 1 0 1 0 0 0 1 1 1 0 1 1 0 0 0 0 1 0 1 1 1 0 1 0 1 0 1 0 0 1 0 1 0 1 1 0 1 1 0 0 0 1 0 0 0 0 1 1 1 1 0 1 1 1 1 0 0 1 0 1 0 1 0 0 0 1 1 0 1 0 0 1 1 0 1 1 1 0 1 
1 0 0 1 0 1 0 1 0 1 1 0 1 0 1 1 1 0 1 1 0 1 1 1 1 1 1 0 1 1 0 1 1 1 0 1 0 1 0 0 0 1 0 1 1 0 0 1 1 0 0 0 1 1 0 1 0 1 1 0 0 0 1 0 0 0 1 1 0 0 0 1 0 0 0 0 1 0 1 0 1 0 1 1 1 1 0 1 1 1 0 0 1 0 0 0 1 1 1 1 1 1 1 1 0 1 0 1 1 0 1 0 1 1 0 0 1 0 1 1 0 0 0 0 1 0 1 0 1 1 1 0 1 0 0 0 1 0 1 0 0 0 0 0 0 1 1 0 1 0 0 0 0 0 0 1 1 1 0 0 0 0 0 1 0 0 0 0 0 1 1 1 1 0 0 0 0 1 1 1 1 1 1 1 1 
1 0 1 1 1 0 0 1 1 0 0 1 0 0 0 1 1 0 0 1 0 0 1 0 0 0 0 1 1 0 1 1 1 1 1 1 1 0 0 0 1 0 1 0 0 0 0 1 1 1 1 0 0 0 0 0 1 0 0 0 0 1 0 1 0 0 1 1 1 1 1 1 1 1 1 0 0 1 1 1 1 0 1 0 1 0 0 0 0 0 0 0 0 1 0 0 0 0 0 1 1 0 1 1 0 0 0 0 0 0 1 1 1 0 1 1 1 1 1 1 0 1 0 1 0 1 1 1 0 1 0 0 0 0 0 0 0 1 1 1 1 1 0 0 0 1 0 1 1 0 0 0 0 1 1 1 0 1 1 1 0 0 0 1 1 0 0 1 0 1 1 1 0 1 1 0 0 0 0 0 0 1 1 0 1 
1 1 0 0 1 1 0 0 1 0 0 0 0 0 0 1 1 1 0 0 0 0 0 0 0 1 0 0 0 0 1 1 1 0 0 1 1 1 0 1 0 1 0 0 0 0 1 1 0 1 0 0 1 0 1 1 1 1 1 0 0 0 1 0 0 0 0 1 1 0 1 0 1 0 0 0 0 1 1 1 1 0 1 1 0 1 1 1 0 0 1 1 0 1 1 1 1 1 0 1 0 1 1 0 0 1 1 1 0 1 1 1 0 0 1 1 0 1 1 1 0 1 0 1 0 1 1 1 0 0 1 1 1 1 0 0 0 1 0 1 0 1 0 1 0 0 0 0 1 1 1 0 0 0 0 1 0 0 1 1 1 0 1 0 1 0 1 1 0 0 0 0 1 1 1 0 1 0 0 0 1 1 1 1 1 
1 0 1 0 1 0 0 0 1 0 0 0 0 1 1 0 1 0 0 1 0 0 0 1 0 0 1 1 0 1 1 0 1 1 1 0 0 0 0 1 1 0 0 1 0 0 1 0 0 1 1 0 0 0 0 0 1 1 0 1 1 1 1 1 0 0 0 1 0 1 1 0 1 0 1 0 0 1 0 1 0 0 1 1 1 1 1 1 0 1 1 0 0 0 1 0 0 1 1 1 0 1 1 0 1 0 0 1 0 1 0 1 1 0 0 0 0 1 1 1 1 1 1 1 1 0 1 1 1 1 1 0 0 0 1 0 0 1 0 0 1 1 1 0 0 1 0 1 1 0 1 1 1 0 0 1 0 0 0 0 1 0 0 1 1 0 1 0 1 0 0 1 0 0 0 0 0 1 1 0 0 1 1 1 1 
1 0 0 0 0 0 1 1 0 1 0 0 0 1 0 0 0 1 0 0 0 1 0 1 0 0 0 0 0 1 1 1 0 1 1 1 1 0 1 1 0 0 1 1 0 1 1 1 0 1 1 1 1 1 1 0 0 0 1 1 1 0 1 0 1 0 0 0 1 1 0 1 0 1 0 1 0 0 0 1 0 1 1 0 1 0 1 0 1 0 0 1 0 1 0 0 0 1 1 0 1 0 0 1 0 1 0 1 0 0 1 1 1 1 1 0 0 0 0 1 0 0 0 0 0 1 0 0 0 0 0 0 0 0 0 1 0 1 1 1 0 1 1 1 1 0 0 0 1 1 1 0 0 0 0 1 0 1 1 1 0 0 0 0 0 0 1 0 1 0 1 1 0 1 1 1 1 0 0 1 0 1 0 0 1 
1 1 1 0 0 0 1 1 1 0 1 0 0 0 0 1 0 1 1 1 1 1 1 0 1 1 0 1 1 1 1 0 0 1 1 1 1 0 1 1 1 1 0 0 1 0 0 0 1 0 1 0 0 1 0 1 0 0 0 0 0 0 1 0 1 1 1 0 0 1 1 0 1 1 1 0 0 0 0 0 0 1 0 0 0 1 0 0 0 0 1 0 1 1 1 1 0 1 0 0 0 1 0 0 0 1 1 0 0 0 1 1 0 1 1 0 0 1 0 0 1 0 0 1 0 0 0 0 0 1 0 0 1 0 0 1 1 0 0 1 0 1 0 0 0 0 1 1 1 1 0 1 0 0 0 0 0 1 1 1 1 0 1 0 0 1 0 0 0 1 1 1 1 0 1 1 1 0 0 0 1 0 1 0 1 
0 0 0 0 0 1 1 1 1 0 1 0 1 1 1 0 1 1 0 1 1 0 1 1 1 0 1 0 0 1 1 1 1 1 0 0 0 1 1 1 0 1 0 0 0 1 0 0 1 0 0 1 1 1 1 0 0 0 1 1 1 0 0 0 0 1 0 0 0 1 0 1 0 1 1 0 0 1 0 1 0 1 0 0 1 0 1 0 0 1 0 1 0 1 0 0 1 1 1 1 0 0 0 0 1 0 0 1 0 0 0 1 1 0 0 1 1 0 0 1 0 0 0 1 0 1 1 1 1 0 0 0 0 0 1 0 1 0 1 1 1 1 1 1 0 1 1 1 1 0 1 0 0 1 0 1 0 0 1 1 0 0 1 1 1 1 1 1 0 0 1 1 1 1 1 0 0 1 0 1 0 0 0 1 0 
1 1 1 1 1 0 0 1 0 1 0 0 1 1 1 1 0 0 0 0 1 1 0 1 0 0 1 1 1 1 0 0 0 1 0 1 0 0 0 0 0 1 1 1 1 0 1 1 0 0 1 1 1 1 1 0 1 0 0 1 1 1 1 1 1 0 1 0 0 1 1 1 0 1 0 0 1 0 1 1 0 0 1 0 0 1 0 0 1 0 1 1 0 0 1 1 0 1 0 1 1 1 0 1 1 0 0 0 1 1 1 1 0 0 0 0 0 0 0 0 0 0 0 1 0 1 1 1 1 0 0 1 0 1 0 1 1 1 0 0 0 1 0 1 0 0 0 0 1 1 0 1 0 1 0 1 0 1 0 1 1 0 1 0 1 1 0 0 1 0 1 0 0 0 0 0 0 1 1 1 0 0 0 0 1 
1 0 1 0 0 0 1 1 0 0 1 1 1 0 0 0 1 0 1 0 1 0 0 1 0 1 0 0 0 0 1 0 1 0 0 1 0 1 1 1 1 0 0 0 1 1 1 1 0 1 0 0 1 1 1 0 0 0 1 0 1 0 1 0 1 1 0 1 0 0 0 0 1 1 1 0 1 0 0 1 1 1 1 0 0 0 1 1 0 1 0 0 0 1 0 0 0 1 1 0 1 1 1 1 1 0 1 0 0 1 0 0 0 0 0 0 1 1 1 0 1 0 0 0 0 1 0 1 1 0 0 0 1 1 0 1 0 1 1 1 1 1 0 1 0 0 1 0 0 0 0 0 0 0 0 0 0 1 0 1 1 1 1 0 1 1 0 1 0 0 0 1 0 0 0 0 0 1 1 1 1 1 0 0 0 
0 0 0 1 1 1 1 0 0 0 1 0 0 0 0 1 1 1 1 1 1 1 1 1 1 0 1 1 0 1 0 0 0 0 1 0 0 0 0 1 0 0 1 1 1 0 0 1 0 0 1 0 1 1 1 0 1 1 1 1 0 0 1 1 0 1 1 1 0 0 1 0 1 0 1 1 0 1 0 0 0 0 0 1 0 1 1 1 1 1 1 1 0 0 1 0 1 1 1 1 1 1 0 0 1 1 0 0 1 0 0 0 1 0 1 1 0 1 0 1 0 0 0 0 1 1 0 0 1 1 0 1 0 1 1 1 1 0 0 1 1 0 1 1 0 0 0 0 0 0 0 0 1 1 0 1 1 1 0 0 1 0 0 0 1 0 0 0 0 0 0 1 0 1 0 0 1 1 1 1 1 0 1 1 0 
0 1 1 0 1 1 1 0 1 0 0 0 1 0 1 1 0 0 1 1 1 0 1 1 1 0 0 1 0 0 0 0 1 0 0 0 1 1 1 1 1 1 1 1 1 0 1 0 1 0 0 0 1 0 1 1 0 1 1 1 0 0 0 1 0 0 1 0 0 1 0 1 1 1 1 1 1 0 0 1 0 0 0 0 0 0 0 1 0 0 1 0 1 0 0 1 1 1 1 1 1 1 0 0 0 1 0 1 1 1 1 0 0 1 0 0 1 1 0 0 1 1 1 0 0 0 0 0 1 1 1 0 1 1 0 0 1 0 0 0 1 0 1 1 0 1 1 0 0 1 1 1 0 1 1 1 1 1 0 0 1 1 0 0 1 0 0 0 1 0 1 1 0 1 0 1 1 1 0 0 1 1 0 0 0 
0 0 0 0 0 1 1 0 1 0 0 0 1 1 1 1 0 1 1 1 0 1 0 1 1 1 0 1 0 1 1 1 0 0 0 0 0 1 1 1 1 0 0 0 0 1 1 0 1 0 0 1 0 0 1 1 0 1 0 1 1 0 0 0 0 0 1 1 1 1 0 1 1 1 0 0 1 1 0 0 0 0 0 0 1 0 1 1 1 0 0 1 1 1 0 0 1 0 1 0 0 0 0 1 0 0 0 0 1 1 0 1 1 0 1 0 1 0 0 0 0 0 0 0 1 1 0 1 0 0 0 1 0 1 0 0 1 1 1 0 1 0 1 1 0 1 1 0 1 0 0 0 1 1 0 0 0 1 0 1 0 1 0 1 0 0 0 1 0 0 1 0 1 0 0 0 0 1 0 1 1 0 1 0 1 
1 0 0 0 1 1 0 0 0 1 1 1 1 0 1 0 1 1 1 1 1 1 1 0 0 0 1 1 1 0 1 0 1 0 1 1 1 1 1 0 1 1 0 0 1 0 0 1 1 0 0 1 0 1 1 0 0 1 0 0 1 0 0 0 1 1 1 0 0 1 0 0 0 0 0 0 1 1 1 0 1 1 0 1 1 0 0 0 0 1 0 0 0 1 1 0 0 1 0 1 1 1 1 0 1 1 0 0 0 1 0 0 0 1 1 1 1 1 1 0 1 1 0 1 1 1 1 0 1 0 1 0 1 0 0 1 0 0 0 1 1 0 1 1 1 1 1 0 1 1 0 0 1 0 0 0 0 1 0 1 1 1 0 0 0 1 0 0 1 0 1 1 0 0 0 1 1 0 0 0 0 0 0 0 0 
1 1 0 1 1 1 1 1 1 1 1 1 0 0 0 1 0 0 0 1 1 0 1 1 0 0 1 1 1 1 1 0 1 0 1 0 1 1 1 1 0 0 0 1 0 1 0 1 0 0 0 1 1 1 1 1 0 0 1 0 1 1 0 1 0 1 1 1 0 0 0 1 0 0 1 0 1 0 0 1 0 1 1 0 1 1 0 1 1 0 1 0 1 1 0 0 1 1 0 0 1 0 0 1 1 0 1 0 1 1 0 0 1 0 1 1 0 0 1 0 1 1 0 1 0 1 0 0 0 0 0 1 1 0 1 1 1 1 0 1 1 1 1 0 0 0 1 1 0 0 0 1 1 0 0 1 1 0 0 1 1 0 1 1 1 1 1 1 0 1 1 1 1 1 0 0 0 1 1 0 0 1 0 0 0 
1 0 0 0 1 1 0 1 1 0 0 0 1 1 1 1 1 1 1 1 1 0 0 1 0 1 1 0 1 1 1 1 1 0 0 0 0 0 0 1 0 0 0 0 0 0 0 0 1 0 1 1 0 0 1 0 1 0 0 1 1 1 0 0 1 0 1 0 1 0 0 1 0 1 0 0 0 0 1 0 1 0 1 1 1 0 0 0 1 0 0 0 1 1 0 1 0 0 0 0 1 0 0 0 1 1 1 1 1 1 0 0 0 1 1 1 0 1 0 0 1 0 1 1 0 1 0 1 0 0 0 1 1 0 0 1 0 0 0 1 0 0 0 1 1 0 0 0 1 1 1 1 1 1 1 1 0 0 0 0 1 0 1 0 0 0 0 1 0 0 0 0 0 1 1 0 0 0 0 0 1 1 0 1 1 
1 1 1 0 1 1 0 0 1 0 1 0 1 1 1 1 0 1 0 1 0 1 1 0 1 1 1 0 0 0 0 0 0 0 0 1 0 1 1 0 1 0 0 0 0 0 0 1 0 1 0 1 0 0 1 0 1 0 1 0 0 0 0 0 1 1 0 1 1 0 0 1 0 1 1 1 0 0 0 1 0 1 0 0 1 1 1 1 1 1 1 0 1 0 0 0 0 0 0 0 0 0 1 1 1 1 0 0 1 1 0 1 0 1 1 1 1 0 1 0 1 0 0 0 0 0 1 1 0 1 0 1 0 1 1 1 0 0 1 0 0 1 1 0 0 1 1 1 0 0 0 1 0 1 0 0 0 1 0 1 0 0 0 0 1 0 0 1 1 0 1 1 1 0 0 0 0 0 0 1 1 1 1 0 0 
1 1 1 0 1 1 0 1 1 0 1 0 1 0 0 1 1 0 1 1 1 0 1 1 1 1 1 0 1 0 0 0 0 0 0 1 0 1 1 1 1 0 1 0 0 1 0 0 0 0 1 0 1 0 0 1 0 1 1 1 1 1 0 1 1 1 0 0 1 1 1 0 0 1 1 0 1 1 0 0 0 1 1 0 0 1 1 0 1 1 1 0 0 1 0 0 0 1 1 0 1 0 1 0 0 0 1 0 1 0 1 0 0 1 1 0 1 1 0 0 1 1 1 1 0 0 1 0 1 0 0 0 1 1 1 0 1 1 0 0 0 0 0 0 1 1 0 1 1 1 1 0 1 0 1 0 1 0 1 1 0 0 0 1 0 1 0 1 1 1 1 1 0 0 0 1 0 1 1 0 0 1 1 0 0 
1 0 0 1 0 1 1 1 0 0 0 0 0 0 1 1 0 0 0 1 0 0 0 0 0 1 1 1 0 0 1 1 0 0 1 0 0 0 0 0 0 1 0 1 1 0 1 0 1 1 0 1 0 1 1 1 1 1 1 0 0 1 1 0 1 0 0 1 0 0 0 0 0 0 1 1 0 0 0 1 0 0 1 1 1 0 0 1 1 0 1 1 0 1 1 1 0 0 1 1 0 0 1 0 1 1 1 0 1 1 1 0 0 1 1 0 0 0 0 1 1 1 1 0 1 1 0 0 0 1 0 0 0 1 1 1 1 1 1 0 0 1 0 1 0 1 0 1 0 0 1 1 0 1 0 1 1 0 0 1 1 0 0 1 0 0 0 0 0 1 0 1 1 1 1 1 0 0 1 1 1 1 0 0 1 
0 1 1 0 0 0 1 0 0 0 1 1 0 0 1 1 0 1 0 0 0 1 1 0 0 0 0 0 0 1 1 0 1 0 0 0 1 1 1 1 1 0 0 1 1 0 1 0 0 1 1 1 0 0 0 0 1 0 1 0 0 1 1 0 1 0 1 1 0 0 1 0 1 1 1 0 0 1 1 1 0 0 0 0 0 1 0 1 0 0 1 1 0 1 0 1 0 1 0 0 0 1 0 0 1 0 0 0 1 1 0 1 1 0 1 1 1 1 1 0 0 0 1 0 0 1 0 1 1 0 0 1 1 1 1 0 0 1 1 1 1 1 0 0 1 0 0 0 0 0 0 0 0 0 0 1 1 0 1 1 1 0 1 0 1 1 0 1 0 0 1 0 1 1 0 1 0 0 0 0 0 1 1 0 0 
0 1 1 0 1 0 0 0 1 0 0 0 0 1 0 0 1 1 0 0 1 0 0 1 1 1 1 0 1 0 0 0 0 0 0 1 1 1 0 0 1 1 0 0 0 0 1 1 1 0 0 1 0 0 0 0 0 1 0 0 0 0 1 1 1 1 0 0 0 1 0 0 1 1 1 0 0 0 1 0 0 0 1 0 1 0 1 0 1 0 1 1 0 1 1 1 1 1 1 0 0 1 0 1 1 0 0 0 1 0 1 1 0 1 1 0 1 0 0 1 1 1 1 1 1 0 0 0 0 0 0 0 1 1 0 0 0 0 1 1 0 1 0 0 1 0 0 0 0 1 0 1 0 0 1 0 0 0 1 1 1 0 0 1 0 0 1 0 1 1 1 1 1 0 1 0 1 0 1 0 1 1 1 0 0 
0 1 1 1 1 1 1 0 1 1 1 0 1 0 1 1 1 0 0 1 0 0 1 0 1 1 0 0 0 0 0 1 1 1 1 0 1 0 0 0 0 0 0 0 0 0 1 1 1 1 0 0 0 0 0 1 1 0 1 1 1 1 1 0 0 0 1 1 0 1 1 0 0 1 0 1 0 0 0 1 0 0 1 1 1 0 0 0 0 0 0 1 1 0 1 1 0 1 0 1 1 0 1 1 0 1 0 0 0 0 1 1 0 1 1 1 1 1 1 1 0 0 0 1 0 1 1 0 1 0 0 0 1 1 0 1 0 0 1 0 0 1 0 0 1 1 0 1 0 1 1 0 1 1 1 0 0 0 1 0 0 1 1 0 1 0 1 1 1 1 1 1 1 0 1 0 0 0 0 0 0 1 0 0 1 
0 0 1 0 0 1 0 0 0 0 0 0 1 0 0 0 1 1 0 1 0 1 0 0 0 1 1 1 1 1 0 0 1 0 0 1 0 1 1 0 1 1 1 0 1 0 0 1 1 1 1 1 1 1 1 0 0 0 0 1 0 1 0 0 1 1 0 1 1 1 1 1 0 1 0 0 1 1 0 1 0 1 0 0 0 1 1 0 0 1 1 1 1 0 1 1 0 1 1 1 0 0 0 1 0 1 0 0 0 1 0 0 0 1 0 1 1 0 1 0 1 1 0 0 0 1 0 0 0 0 1 1 1 1 0 0 1 1 1 1 1 1 0 0 0 0 0 0 0 1 1 1 0 0 1 0 1 0 1 0 1 0 0 0 0 0 1 1 1 0 0 0 0 1 1 0 0 1 1 0 0 1 0 0 1 
0 1 0 1 1 0 0 1 0 1 1 1 0 0 0 1 0 1 0 0 0 1 0 1 1 0 1 0 0 1 1 0 1 0 0 0 1 0 0 1 0 1 1 1 0 0 1 1 0 1 0 0 0 0 1 1 0 0 1 1 0 0 0 0 1 1 0 0 0 1 1 0 0 0 1 1 1 1 1 1 0 1 0 1 1 1 1 1 0 1 1 1 1 1 0 1 0 1 0 1 0 0 1 0 0 1 0 1 0 1 1 0 0 1 1 0 0 0 0 0 1 0 0 1 1 1 1 0 1 0 0 0 1 1 1 1 0 0 0 0 0 1 1 0 0 1 1 1 1 0 1 0 0 0 0 0 0 0 1 1 1 0 0 1 1 0 1 0 0 0 0 0 1 0 0 1 1 1 1 0 0 0 0 1 0 
1 1 1 0 1 0 0 1 0 0 0 1 1 1 0 0 0 1 0 1 1 0 1 1 0 0 1 1 1 1 1 1 1 1 0 1 1 0 0 0 0 1 0 1 1 1 0 1 0 0 0 0 1 1 0 1 1 1 0 1 1 1 0 1 1 1 1 1 0 0 1 0 0 1 0 1 0 0 0 0 0 1 0 1 0 0 0 1 0 1 0 0 0 0 0 1 0 0 0 0 1 0 0 0 0 0 0 1 0 0 0 1 0 1 0 0 0 1 1 0 1 1 1 0 1 0 0 0 0 1 0 1 1 1 0 0 0 0 0 0 1 0 0 1 1 1 1 0 0 0 0 0 0 1 0 1 1 0 1 0 1 0 0 0 0 1 0 0 1 0 1 1 0 1 0 0 0 0 0 0 0 1 1 0 0 
0 0 0 0 1 1 0 0 0 1 1 1 1 0 1 1 1 0 0 0 1 1 1 1 0 0 0 0 0 0 1 1 0 0 1 0 0 1 1 1 0 0 0 1 1 1 0 1 1 1 1 0 0 1 1 0 0 1 1 1 0 0 0 0 1 1 1 1 0 0 1 0 1 1 0 0 0 1 0 0 1 1 1 1 1 0 1 1 1 0 1 1 1 0 0 1 0 0 0 0 1 1 0 1 1 0 1 0 0 1 0 1 1 1 1 0 1 0 0 1 1 0 0 0 1 1 0 1 1 1 1 1 1 1 0 0 1 1 0 0 0 0 0 0 0 0 1 0 1 1 1 0 0 0 1 0 0 1 0 1 0 0 0 1 1 1 0 1 0 0 0 1 0 1 1 0 0 0 1 1 0 0 1 0 1 
0 1 0 0 1 1 0 0 0 1 1 0 0 1 1 0 1 0 0 0 0 0 1 1 0 0 0 0 0 0 0 0 0 0 0 0 1 0 1 1 1 1 0 0 0 1 0 0 0 0 0 1 1 1 1 1 1 1 0 1 1 0 1 0 1 0 0 1 0 0 1 1 1 1 0 0 0 1 1 0 0 1 0 0 1 1 0 1 1 1 1 0 1 0 0 1 1 1 1 1 0 1 0 0 1 1 1 1 1 1 0 1 1 1 0 0 1 1 0 1 1 1 1 0 1 1 0 1 0 1 0 0 0 0 1 0 0 1 0 1 1 0 1 0 1 1 1 1 0 1 1 0 1 0 0 0 0 0 0 0 1 1 1 0 1 0 1 0 1 0 1 1 0 1 0 0 1 0 0 1 1 0 0 0 0 
0 0 1 1 0 1 1 1 0 1 1 0 1 0 0 0 1 1 0 1 0 0 0 0 0 1 1 1 0 0 1 1 1 1 1 0 1 1 1 1 1 1 1 1 0 1 1 1 1 1 0 0 1 1 1 1 0 1 0 1 1 1 0 0 1 0 0 0 1 0 1 0 0 0 0 1 1 0 1 0 0 0 0 0 1 0 0 1 0 1 1 0 0 0 1 0 1 1 1 1 1 0 0 1 1 1 0 1 1 0 1 1 1 1 0 1 1 0 1 1 0 1 0 1 0 1 1 0 1 1 1 1 1 0 1 1 1 1 1 1 1 1 1 0 0 0 1 0 0 0 0 0 1 0 0 0 1 0 0 1 0 0 0 1 1 0 0 0 0 1 1 0 1 1 0 0 1 1 0 1 0 0 1 1 0 
0 1 1 0 1 0 1 1 0 1 0 0 1 1 0 1 1 1 1 1 0 1 1 1 0 1 0 0 0 1 0 0 0 1 0 0 1 1 1 0 0 1 0 1 1 0 0 0 0 0 0 0 0 1 0 0 1 0 1 1 1 0 0 1 0 0 1 1 1 1 1 1 1 1 1 1 0 0 0 0 1 0 0 0 1 1 1 1 0 1 0 1 1 1 0 1 1 0 0 1 0 0 1 1 0 1 0 1 0 1 1 0 1 0 1 1 1 1 1 1 1 0 0 0 0 1 0 1 0 0 1 0 0 0 0 0 1 1 1 0 1 0 1 1 0 0 1 1 1 1 1 0 1 0 1 0 1 1 1 0 0 0 0 0 1 0 1 0 1 1 0 1 0 1 1 0 0 1 0 1 0 1 1 1 0 
1 0 1 0 0 0 0 1 1 1 0 1 1 0 1 1 1 0 1 1 1 1 0 1 1 0 0 0 1 1 0 0 0 1 0 0 0 0 1 1 1 1 0 1 1 1 0 0 0 0 0 0 0 1 1 0 0 0 1 1 0 0 1 0 0 1 0 0 0 1 1 0 0 1 1 1 1 1 1 0 0 0 0 1 0 1 1 0 1 1 0 1 0 1 1 1 1 1 1 1 1 1 0 1 1 1 0 1 1 0 0 0 0 0 1 1 0 0 0 0 0 0 1 1 1 1 0 0 0 0 0 1 1 1 1 1 0 1 1 1 0 0 1 0 0 0 1 0 1 1 0 1 0 0 1 0 0 0 0 1 1 0 1 1 1 0 1 1 1 0 0 1 1 0 1 1 0 1 1 0 1 1 0 0 1 
1 1 1 1 0 0 0 0 0 1 1 1 1 0 1 1 0 0 1 0 0 1 1 0 1 0 1 1 0 0 1 0 1 0 1 0 1 1 0 1 0 0 0 1 1 1 0 0 1 1 1 1 1 1 1 0 1 0 1 0 1 1 1 0 1 1 0 0 1 0 1 1 1 0 0 1 0 0 0 1 0 0 0 1 0 0 1 0 0 1 0 0 1 1 1 1 1 0 1 0 0 1 0 0 1 0 0 1 0 0 1 1 0 0 1 0 1 1 1 1 1 0 1 1 0 1 1 0 1 1 0 1 0 1 0 1 1 0 1 1 0 0 0 1 0 1 1 1 0 0 1 0 0 0 1 0 0 1 0 0 1 0 1 0 0 0 0 1 1 1 1 1 0 1 0 0 0 1 1 1 0 0 0 0 0 
1 0 0 0 0 0 1 0 1 1 1 0 0 0 1 1 1 1 1 1 0 1 1 1 0 1 0 0 1 0 1 0 0 0 1 0 1 0 1 0 1 1 0 1 0 1 0 0 1 1 1 1 1 1 1 0 1 1 1 1 1 0 1 0 1 0 1 1 1 0 0 1 1 1 0 0 0 1 1 1 0 0 0 1 1 0 1 1 0 1 0 1 1 0 1 1 1 1 0 1 0 0 0 0 0 0 1 0 1 0 0 0 1 0 0 0 0 1 0 0 0 0 0 0 0 1 0 1 1 1 0 0 0 0 1 0 0 1 0 1 0 0 1 0 1 0 1 1 0 1 1 1 1 0 1 0 0 0 1 0 0 1 1 0 1 1 1 0 0 1 1 0 1 0 0 1 1 1 1 0 1 0 0 1 1 
1 1 0 1 1 1 0 1 0 0 0 1 0 1 0 1 1 0 0 0 0 0 1 0 1 1 0 1 1 1 0 0 0 0 0 0 1 1 1 1 0 0 1 1 1 1 0 0 1 0 1 1 0 1 0 1 0 1 0 0 1 1 1 1 0 0 0 0 1 0 1 0 0 1 1 0 0 1 1 1 1 0 0 1 0 1 0 0 0 0 1 0 1 0 1 1 1 0 0 1 1 1 0 0 1 1 1 0 0 0 0 1 0 1 1 0 0 0 1 1 1 0 0 0 1 0 1 1 0 0 1 0 0 1 1 1 1 0 0 0 0 1 1 0 1 0 1 1 0 0 0 0 0 0 0 0 1 0 0 1 0 1 0 1 0 0 0 0 1 1 1 0 0 1 1 1 0 1 1 0 0 1 0 1 0 
1 1 0 0 0 1 1 0 0 0 0 1 0 0 0 1 1 0 0 0 0 1 1 1 1 0 0 0 0 0 1 0 0 0 1 0 1 0 0 0 0 0 0 0 1 0 0 0 1 0 1 1 0 0 1 0 0 1 0 1 1 1 1 1 0 0 0 1 1 1 1 0 0 0 1 0 0 1 1 1 0 0 1 0 0 1 0 0 1 1 1 1 1 0 1 1 1 1 0 0 0 1 0 0 0 1 1 1 0 0 1 0 1 0 1 0 1 1 0 0 1 0 1 0 0 0 0 0 0 1 0 1 1 1 1 0 1 1 1 0 0 0 1 0 1 1 0 0 0 1 1 0 1 1 0 0 1 1 0 1 1 1 1 1 0 1 0 0 1 1 0 1 1 0 1 1 1 1 1 1 1 1 1 1 0 
1 0 0 1 0 0 0 0 1 1 0 0 1 0 1 1 0 0 0 0 1 0 1 1 0 0 0 1 1 1 1 1 1 1 1 1 0 1 1 1 0 1 0 1 0 0 1 1 1 0 0 0 0 0 0 1 0 0 1 1 0 0 1 1 0 0 0 0 0 1 0 1 0 1 0 0 1 1 1 0 1 1 0 0 0 0 0 1 0 1 1 0 0 1 0 1 1 1 0 1 0 1 0 1 1 1 0 1 0 0 1 0 0 0 1 1 1 1 0 0 0 0 0 0 1 1 1 0 1 0 1 1 0 0 0 1 1 0 1 0 0 1 0 0 0 0 0 0 1 0 1 1 1 0 0 1 0 0 0 0 0 1 0 1 0 0 1 1 0 1 1 0 0 1 0 1 0 0 0 1 1 1 0 1 0 
0 0 1 1 0 0 0 0 1 1 0 0 0 1 0 1 1 0 0 1 1 1 1 0 1 0 0 0 0 1 1 1 1 1 0 0 1 0 0 0 0 0 0 1 0 0 0 1 0 1 0 0 1 1 1 0 1 0 0 1 1 0 0 1 1 0 1 1 0 1 1 1 1 1 1 1 1 0 0 0 0 1 0 1 0 0 1 0 0 0 0 0 1 0 1 0 1 1 0 1 0 0 1 0 1 1 1 1 1 0 1 1 1 1 1 0 1 1 1 1 0 0 1 1 1 0 0 0 0 0 0 1 0 1 1 1 0 0 0 1 1 0 1 1 0 0 1 0 1 1 0 1 1 1 0 1 1 1 0 0 0 1 0 1 1 1 0 1 0 0 0 1 1 0 1 1 1 1 0 0 0 1 0 1 0 
0 1 1 1 1 0 1 0 0 0 1 1 0 0 0 0 1 0 0 1 0 1 0 0 1 0 0 1 0 0 0 1 1 0 0 0 1 1 0 1 0 0 0 1 0 0 1 0 0 0 1 0 1 1 0 1 0 1 1 1 1 0 1 0 1 1 0 1 0 0 1 1 1 1 0 0 1 1 0 1 1 0 0 0 0 0 0 1 1 1 0 0 1 0 1 1 1 1 1 1 1 1 0 0 1 0 0 0 1 1 1 1 0 1 1 1 0 1 1 1 0 0 0 0 1 1 0 1 1 0 1 0 1 1 1 0 0 0 0 0 1 0 1 1 1 0 1 0 1 0 0 0 1 0 0 1 1 0 0 1 1 1 1 0 1 1 0 0 0 0 0 0 0 0 1 1 0 0 0 1 1 0 1 1 1 
1 0 1 1 1 1 1 1 1 0 1 0 1 1 0 1 1 1 0 0 1 0 0 1 0 0 1 0 1 0 1 1 0 0 1 1 1 0 1 0 1 0 0 1 1 0 1 0 1 1 0 0 1 0 1 0 1 1 1 1 1 0 0 0 0 0 1 0 0 1 0 0 0 0 1 1 1 0 0 0 1 0 1 1 1 0 1 0 1 1 1 0 0 0 1 0 0 0 1 0 1 0 1 0 0 0 0 0 1 1 1 1 0 1 0 1 1 1 0 1 1 1 0 1 1 0 1 1 0 1 0 0 1 1 1 0 1 0 1 0 0 1 0 0 1 0 1 0 1 0 1 0 1 1 0 0 0 1 1 1 0 1 1 1 0 1 1 0 0 0 0 1 0 1 0 0 0 1 1 1 1 0 1 0 0 
1 1 0 1 1 0 0 0 0 0 0 0 0 1 1 1 1 1 0 1 1 1 0 1 0 1 0 0 1 0 1 1 1 1 0 1 1 1 1 0 1 0 0 0 1 0 1 0 1 0 0 0 0 1 1 0 0 0 0 0 0 1 0 0 1 0 1 0 1 1 1 1 0 1 0 0 1 0 1 0 0 1 1 1 0 0 0 0 0 0 0 1 0 0 1 0 0 0 1 0 1 1 0 0 0 1 1 0 0 1 1 0 1 1 0 0 1 1 0 1 0 1 1 0 1 0 0 1 0 1 0 0 0 1 1 1 0 0 0 1 1 0 1 0 0 1 0 0 0 0 0 1 1 0 0 0 0 1 0 0 1 0 0 1 0 0 1 1 0 1 1 1 0 1 0 1 0 0 0 0 1 1 1 1 0 
0 1 0 1 0 1 0 0 1 1 1 0 0 0 1 1 0 0 0 1 0 1 0 0 1 1 0 1 0 0 1 0 1 1 1 1 1 1 1 0 0 1 1 0 0 1 1 0 1 0 1 1 0 1 1 1 1 1 0 0 1 1 0 0 0 1 0 0 0 1 0 1 0 1 0 1 1 1 0 0 0 0 0 1 0 0 0 0 0 0 1 0 1 1 1 1 1 1 0 0 0 1 0 0 0 1 1 0 1 0 0 1 1 1 0 0 0 0 0 1 1 1 1 0 1 0 0 0 0 0 0 0 1 0 0 0 0 1 0 1 1 1 0 1 1 1 1 0 1 0 1 1 1 0 1 1 0 0 0 0 0 0 1 1 1 1 1 1 1 1 1 0 1 0 0 0 1 0 1 0 0 0 0 0 0 
1 1 1 1 0 1 0 0 1 0 0 1 1 1 0 0 0 0 0 1 1 0 0 0 0 0 0 1 1 0 1 0 0 1 0 1 1 0 1 0 1 1 1 1 0 1 1 1 1 1 0 0 0 1 1 0 0 1 0 0 0 1 0 0 1 1 0 0 1 0 1 1 0 1 0 1 0 1 0 1 1 0 0 0 1 1 0 0 1 0 0 1 1 0 1 0 1 1 0 0 0 0 0 0 1 1 1 1 0 0 1 0 1 1 1 0 0 1 1 1 1 0 1 1 1 1 1 1 0 1 1 0 0 1 0 0 1 1 1 0 1 1 1 1 1 1 0 0 0 0 1 1 1 1 1 1 1 1 1 0 1 1 1 0 1 0 0 1 1 1 1 1 1 1 0 0 0 0 0 0 0 1 1 0 0 
0 0 0 0 0 1 0 1 0 1 1 0 0 1 0 1 1 0 0 0 1 1 0 0 0 0 0 0 0 1 1 1 0 0 1 1 0 0 1 0 0 1 1 0 1 0 0 1 1 0 0 1 1 0 0 1 1 1 0 0 0 0 0 1 1 0 1 1 1 1 1 1 1 0 0 1 1 0 0 1 1 0 0 0 1 1 1 0 0 1 1 0 1 1 0 1 1 1 1 0 1 0 0 0 0 0 0 1 0 1 1 0 0 0 1 1 1 0 0 1 1 0 1 1 0 1 1 0 1 1 1 0 0 0 0 1 0 1 1 1 0 1 1 0 0 1 0 0 0 0 1 1 1 0 0 1 1 0 1 0 0 1 1 0 1 0 1 1 0 0 0 0 1 1 1 0 0 0 0 0 1 1 1 1 1 
1 1 0 0 0 1 1 1 0 0 0 1 1 1 1 1 1 0 0 1 0 0 0 0 0 1 0 0 0 1 1 0 1 1 1 1 1 0 1 0 1 0 0 0 1 0 1 1 1 1 0 1 1 0 0 1 0 0 0 0 0 0 0 1 1 1 1 0 0 1 1 1 0 0 1 1 0 0 1 0 0 0 1 1 1 1 1 1 0 0 1 1 0 0 0 0 0 1 0 0 0 1 0 0 1 0 1 1 0 1 1 0 1 0 1 1 1 0 0 1 0 0 1 1 1 0 1 0 0 1 1 1 1 0 0 1 1 0 0 1 1 0 1 1 0 0 1 0 0 0 0 1 1 1 0 1 0 0 1 0 1 1 0 1 1 1 1 1 1 0 1 1 0 0 1 0 1 1 0 1 0 0 1 0 1 
1 0 1 1 0 1 0 1 0 1 1 1 1 0 0 0 0 0 0 1 0 0 1 0 1 1 0 1 1 0 0 1 0 1 0 1 0 0 1 0 0 0 0 0 1 1 1 1 0 0 1 1 0 0 1 0 1 1 1 0 0 0 1 0 1 0 1 0 1 0 1 1 1 1 0 0 0 0 0 1 1 0 0 0 0 0 1 1 0 0 0 1 0 0 0 0 0 0 1 1 1 1 0 0 0 1 1 0 1 0 1 0 0 0 0 1 0 0 0 0 0 1 0 1 1 1 1 0 0 1 1 0 1 0 0 0 0 0 0 1 0 1 0 1 1 1 1 1 1 1 0 0 1 1 0 1 0 1 0 1 0 1 0 1 1 1 1 0 0 0 0 1 1 1 0 0 0 0 1 0 0 0 0 0 1 
0 1 0 1 0 0 0 1 0 0 0 1 0 0 1 1 1 0 0 0 1 1 1 1 1 1 0 0 1 0 1 0 1 1 0 1 0 1 0 1 1 1 0 0 0 1 0 0 0 0 1 1 0 0 0 1 1 0 1 0 0 0 1 0 0 1 0 1 0 1 0 0 0 1 0 0 1 0 1 1 1 0 1 0 1 1 1 1 1 0 1 1 0 0 0 0 0 1 0 1 0 0 1 0 1 1 1 1 1 1 1 1 1 1 1 1 1 0 0 0 0 0 1 1 0 0 0 0 0 0 1 1 1 0 0 0 1 0 0 1 1 0 1 0 1 1 1 0 1 0 1 0 1 1 0 1 1 1 0 0 1 0 0 1 0 1 0 0 1 1 0 1 0 0 1 0 1 0 0 1 1 1 1 1 0 
0 1 1 1 0 1 0 0 0 0 0 1 0 1 0 0 0 0 0 0 1 0 0 1 0 1 0 0 1 1 1 1 0 0 0 1 1 1 1 1 0 1 1 0 1 1 1 0 1 0 1 0 1 0 1 0 0 0 1 0 1 1 0 0 1 1 0 0 0 1 1 0 1 0 1 0 1 0 0 0 1 1 0 1 0 1 0 1 0 0 0 0 1 0 0 0 1 1 0 1 1 1 0 0 0 1 1 1 1 0 0 1 1 1 0 1 0 1 1 1 1 1 1 0 1 1 0 0 1 1 0 0 1 0 0 0 1 1 0 0 1 0 1 1 1 0 1 1 0 1 0 1 0 1 1 0 0 0 1 0 1 1 0 1 0 1 1 0 0 0 0 1 0 0 0 0 0 1 1 0 1 0 1 1 0 
0 0 1 1 1 1 0 1 1 0 1 0 1 1 0 1 1 0 1 0 0 0 0 1 1 0 1 0 0 0 1 1 0 1 1 0 1 1 0 1 0 1 0 0 1 1 1 1 0 1 1 0 0 0 0 1 1 0 0 1 0 1 0 1 0 0 0 1 0 0 1 0 0 1 0 1 0 0 1 0 0 0 0 0 0 0 0 0 0 0 0 1 1 0 1 1 0 1 0 0 0 0 0 0 1 1 1 1 1 1 1 0 0 0 0 0 1 1 0 1 0 0 1 0 1 0 0 0 1 0 0 1 1 1 1 0 0 1 1 1 1 1 0 0 0 0 1 0 0 0 0 1 0 1 1 1 0 0 0 1 1 1 0 0 0 1 0 1 0 0 0 0 1 0 0 1 1 0 0 0 0 0 1 0 0 
1 1 1 0 0 0 0 0 1 0 0 0 1 0 1 0 0 1 1 1 1 1 0 1 1 0 1 0 1 1 1 1 0 0 1 1 0 0 0 0 0 1 1 1 0 1 0 0 1 1 1 1 1 0 0 1 1 0 1 0 0 1 1 0 1 1 1 0 0 1 0 0 0 0 1 1 1 1 0 1 0 0 1 0 1 1 1 1 1 1 1 0 0 1 1 0 0 0 1 1 0 0 1 0 1 0 1 1 1 1 0 0 0 0 1 1 1 0 1 1 0 0 1 0 0 1 1 0 0 0 0 1 1 0 1 1 1 1 1 0 0 0 0 0 1 1 1 0 1 1 1 0 0 1 1 1 0 1 1 1 1 1 1 1 1 0 1 1 1 1 1 0 1 1 0 0 1 1 1 1 0 0 1 0 0 
0 0 0 1 1 1 1 1 1 1 0 1 0 0 1 0 1 0 0 1 0 0 0 0 1 0 0 0 1 0 0 1 0 1 0 0 0 1 0 1 1 0 0 1 0 1 1 1 1 1 1 1 0 1 0 1 0 1 1 1 0 1 0 0 0 1 0 0 1 1 1 1 0 1 0 0 0 0 1 1 1 1 0 1 0 0 1 1 0 1 1 0 0 1 1 0 0 1 0 0 1 1 1 1 0 0 0 0 1 0 1 0 0 0 1 0 1 0 0 0 1 1 1 1 1 0 0 1 0 1 0 1 0 0 0 1 0 1 0 1 0 0 0 1 1 1 0 1 1 1 1 0 1 0 1 1 1 0 1 1 0 0 1 1 0 0 0 1 0 1 1 0 0 1 1 0 1 1 1 0 0 1 0 0 0 
1 0 0 1 1 1 0 0 0 0 1 0 0 0 0 0 1 1 0 1 0 1 1 0 1 1 1 0 1 0 1 0 0 0 1 1 1 0 1 0 1 0 1 1 0 1 0 1 1 0 0 0 0 1 1 1 1 1 1 1 0 1 1 0 0 1 1 0 0 0 1 1 0 0 0 1 1 1 0 1 0 1 1 0 1 1 0 1 1 0 1 0 0 0 0 1 0 0 0 0 1 0 1 1 0 0 1 0 0 0 1 0 0 0 1 0 0 1 0 0 1 0 1 0 0 1 1 1 0 1 0 1 0 1 0 1 0 0 0 1 1 1 0 1 1 0 1 0 1 0 1 1 1 0 1 0 1 1 1 0 1 1 0 1 1 0 0 0 1 0 1 0 0 1 1 1 1 1 1 0 1 0 1 1 1 
1 1 0 0 0 1 0 0 1 1 0 1 0 0 0 1 0 0 0 1 1 1 0 1 0 0 0 1 0 1 0 1 1 0 1 1 1 0 1 1 0 1 0 0 1 1 1 0 1 0 0 0 0 0 1 1 0 0 0 0 0 1 1 0 1 0 1 1 0 0 0 0 0 1 1 1 1 0 0 0 1 0 0 0 1 0 0 0 0 1 0 1 0 0 1 0 0 0 0 0 0 1 1 1 1 1 1 1 1 1 1 0 1 0 0 1 0 0 1 0 1 0 0 1 1 1 0 1 1 1 0 1 1 0 0 0 0 1 0 1 0 1 1 0 0 0 0 1 1 1 0 0 1 1 1 1 0 0 1 1 0 0 1 1 1 1 0 1 0 1 0 0 1 0 0 1 1 1 1 1 1 0 0 0 1 
1 0 0 1 1 0 1 0 1 0 1 0 0 1 0 1 1 0 1 0 1 1 1 0 1 1 1 0 1 1 0 0 1 0 1 0 0 1 1 0 0 1 0 0 0 1 0 0 1 1 1 1 1 0 0 0 0 1 1 1 0 1 0 0 0 0 0 1 1 0 0 1 0 0 0 0 0 1 1 1 1 1 1 0 0 0 0 0 1 0 1 0 0 1 0 1 1 1 0 0 1 0 0 0 1 0 0 0 0 1 0 0 1 1 0 0 1 1 1 0 1 1 0 0 0 1 0 0 1 0 0 1 0 1 1 0 0 0 1 0 0 1 1 1 0 0 0 0 0 1 0 1 1 0 1 1 1 1 0 0 0 1 0 0 0 1 1 0 1 0 1 0 1 1 0 0 0 0 0 1 0 0 0 1 0 
0 1 0 1 1 0 0 1 1 1 1 1 0 1 1 1 0 0 1 0 0 1 1 1 1 1 0 0 0 0 1 1 0 0 0 1 0 1 1 0 1 1 0 0 0 0 1 0 0 0 1 0 0 1 1 1 0 1 0 0 1 1 1 1 0 1 1 0 0 0 0 1 0 1 0 1 1 1 1 1 0 0 0 1 1 1 0 0 1 1 1 0 1 1 1 0 1 0 0 0 0 0 0 1 0 0 0 1 0 0 1 1 0 1 1 1 1 1 1 1 0 0 1 1 0 1 0 1 1 1 1 1 1 0 0 0 1 0 0 1 0 1 1 0 1 0 0 1 1 1 1 0 1 0 0 0 0 1 0 1 1 1 1 1 0 0 1 1 1 0 1 0 1 1 1 0 0 0 0 1 0 1 1 1 1 
0 0 0 1 0 1 1 1 1 0 0 0 0 1 1 1 1 0 0 1 1 0 0 0 0 0 0 1 0 0 0 1 0 0 0 1 1 0 0 0 1 1 1 0 1 0 0 1 1 0 0 1 0 1 0 0 1 1 1 0 0 1 1 0 1 0 1 1 0 0 1 1 0 0 1 0 0 0 0 1 0 0 0 1 0 0 0 1 0 1 0 1 1 0 0 0 1 1 1 1 1 0 0 0 1 0 1 1 0 1 1 1 0 1 0 0 0 1 0 1 1 1 0 0 1 1 1 1 1 1 1 0 1 0 1 0 0 0 0 1 1 0 0 0 1 1 1 0 0 0 1 1 0 0 1 1 1 0 0 0 0 0 1 1 0 1 1 1 1 0 1 0 1 0 1 0 1 0 1 1 0 0 1 1 1 
0 0 0 1 0 0 1 1 0 0 1 0 1 0 0 1 1 1 0 1 1 1 1 1 1 0 0 1 1 0 1 1 0 0 1 0 1 0 0 0 0 1 0 0 1 1 0 0 1 0 1 0 1 1 1 1 1 1 1 0 0 1 0 0 0 1 0 1 1 0 1 0 1 0 1 1 1 1 0 0 1 1 0 0 1 0 1 0 0 1 1 0 1 0 1 1 1 0 0 0 0 1 0 1 0 0 1 0 1 1 1 1 0 1 0 1 1 0 0 1 1 0 0 1 1 0 1 1 1 0 0 1 1 1 1 1 1 1 1 0 0 0 1 1 1 0 1 1 1 1 1 1 0 0 0 1 1 0 1 0 1 0 1 1 0 0 0 1 0 1 0 1 1 0 1 0 0 1 0 0 1 1 1 1 0 
1 0 0 1 1 1 1 1 0 1 1 1 1 0 0 0 0 1 1 0 1 1 1 0 1 1 0 1 0 1 0 1 0 0 0 1 0 1 0 1 1 1 1 1 0 0 0 0 1 0 0 0 0 0 0 0 0 1 0 0 1 1 0 1 1 1 0 1 1 0 1 0 0 0 1 0 0 0 1 0 1 0 1 0 1 0 0 0 0 1 0 1 0 0 0 0 1 1 1 0 1 0 0 0 0 0 1 0 0 0 0 0 1 0 0 1 1 0 0 1 0 1 0 0 0 1 0 1 1 0 1 0 1 1 1 0 0 0 0 1 1 1 0 0 0 0 1 0 0 1 0 1 0 0 0 0 0 1 1 1 1 0 1 1 1 0 0 1 0 0 1 1 0 0 1 1 1 0 0 0 0 0 1 0 0 
1 0 1 1 1 0 0 0 0 1 0 1 1 1 0 1 1 0 1 0 0 1 1 1 1 1 0 1 0 0 0 1 0 1 1 0 1 1 1 0 1 1 0 0 0 0 1 1 1 1 0 1 1 0 0 1 0 1 0 0 0 0 1 1 0 0 1 0 1 1 0 0 1 0 1 0 0 1 1 1 0 0 0 1 0 1 0 1 0 0 1 0 1 0 0 0 0 0 1 0 0 0 0 0 1 1 0 1 1 0 1 1 1 0 1 1 1 0 0 1 0 1 1 0 1 1 0 0 0 1 0 0 1 1 1 0 1 1 1 0 1 1 0 1 0 0 0 0 0 0 0 0 1 1 1 0 1 0 1 0 0 1 0 1 0 0 0 0 1 1 0 0 1 0 0 0 1 1 1 0 1 0 0 1 0 
0 1 1 0 1 0 0 0 1 1 0 0 1 1 0 0 0 1 0 1 0 0 1 1 1 1 1 0 1 0 0 0 0 1 0 1 1 0 1 0 1 1 1 1 1 1 1 0 1 0 0 1 0 0 0 0 1 1 0 0 0 1 1 1 1 0 1 1 0 1 1 1 1 1 1 0 1 1 1 0 1 0 0 0 0 0 0 0 0 0 0 0 0 1 0 1 0 0 1 1 0 1 0 0 1 0 0 0 1 1 0 0 0 0 0 1 1 1 0 1 0 0 0 1 1 0 1 0 1 1 1 1 0 0 1 0 1 1 1 0 0 0 1 1 1 0 0 1 1 0 0 1 0 0 1 1 0 0 1 1 0 1 1 1 0 1 0 0 1 0 1 0 0 0 1 1 1 1 1 1 1 0 1 0 1 
1 0 0 1 1 0 1 0 1 0 0 0 1 0 1 1 1 0 1 1 1 1 0 1 1 1 1 0 1 0 1 0 1 0 0 1 1 1 1 1 1 1 0 0 1 1 0 0 1 0 1 0 0 0 0 0 1 0 1 1 1 0 1 0 0 0 0 1 0 0 1 1 0 0 1 1 0 0 1 0 0 0 0 1 0 1 0 0 0 0 1 0 1 1 0 0 1 1 1 0 0 1 1 0 1 1 1 1 0 1 0 0 1 1 0 1 0 0 0 0 1 0 1 1 0 1 1 0 0 1 1 0 0 0 1 1 0 1 0 1 0 1 0 0 0 1 0 1 1 1 1 1 1 0 0 1 1 1 1 0 1 1 0 0 0 0 1 1 1 0 0 0 1 1 1 0 0 1 0 0 1 0 1 1 0 
1 0 1 0 0 0 0 1 1 0 1 0 0 1 1 0 0 0 0 0 1 1 0 1 0 0 0 0 0 0 0 1 0 0 0 1 1 1 1 0 1 0 1 0 1 1 1 0 1 1 0 0 0 0 1 1 1 1 1 0 1 1 0 1 1 0 0 0 1 0 1 0 0 0 1 1 0 0 1 1 1 0 1 1 0 1 1 1 1 1 0 1 0 1 0 1 0 0 0 1 0 0 0 0 1 0 1 0 0 0 0 1 0 0 0 1 1 1 0 1 1 1 1 1 0 1 0 0 1 0 0 1 0 0 0 0 1 1 1 1 0 1 0 0 0 1 0 1 1 0 1 1 1 1 1 1 1 1 1 0 0 0 0 1 0 1 0 1 0 1 1 1 0 0 1 0 0 1 1 1 1 1 1 1 1 
1 0 0 0 0 1 1 0 0 0 0 1 0 1 1 1 1 0 0 1 1 1 0 1 0 0 0 1 0 0 1 1 0 1 0 1 1 0 0 1 1 1 0 1 0 1 0 1 0 1 0 0 0 1 0 0 0 0 0 0 1 1 0 0 1 1 0 1 0 0 1 0 0 1 0 0 1 1 0 0 0 1 0 0 1 1 0 1 1 0 0 1 0 1 1 1 0 1 1 1 1 0 1 0 1 1 0 1 1 0 0 1 1 1 1 0 0 0 1 0 1 1 1 1 0 1 1 0 1 1 1 0 1 1 0 0 1 1 1 1 0 0 0 0 0 1 0 0 1 0 1 0 1 0 1 1 1 1 0 1 1 1 1 0 1 0 1 1 0 1 0 1 0 1 1 1 0 0 0 1 1 0 0 1 1 
0 1 0 0 1 1 0 0 1 1 1 1 0 0 0 1 1 1 0 0 1 1 0 0 1 0 1 1 1 1 0 1 1 1 1 1 0 1 1 1 0 1 0 0 0 1 1 1 1 0 0 1 0 1 0 0 0 1 1 1 1 1 0 0 0 0 0 0 0 1 1 0 0 0 0 0 0 0 0 0 1 1 0 0 1 1 1 1 0 0 1 1 1 0 0 1 1 1 1 1 0 0 0 0 1 0 1 0 1 1 1 0 0 0 0 0 1 0 1 0 1 1 0 0 0 0 0 1 0 0 1 1 1 0 0 1 0 0 0 1 1 1 1 0 1 1 0 1 1 1 1 1 1 0 1 0 1 0 0 1 1 1 0 1 1 0 1 1 0 1 0 1 1 1 1 0 0 0 1 1 1 1 1 0 0 
1 1 0 1 1 0 1 1 1 0 1 1 0 1 0 1 1 1 0 0 0 1 1 0 1 0 0 0 0 0 0 1 1 0 1 1 0 1 1 0 0 1 1 1 0 0 1 0 0 0 0 1 0 0 0 0 1 0 0 1 0 0 0 1 1 0 0 1 1 1 0 1 0 1 1 1 1 1 1 1 1 0 0 1 0 0 0 1 0 0 0 1 0 1 0 0 1 0 0 0 0 1 0 1 1 1 1 1 1 1 0 0 0 1 0 0 0 1 0 0 1 0 0 1 0 1 0 1 1 1 1 0 0 0 0 1 1 1 1 0 1 1 0 1 0 1 1 1 1 1 0 1 1 1 1 0 0 0 1 0 0 1 1 1 0 1 1 0 0 1 1 1 0 0 1 1 0 1 1 0 1 0 1 0 0 
1 1 1 0 0 0 1 1 0 1 0 1 0 0 0 0 1 0 0 1 1 0 1 0 1 1 0 1 0 1 0 1 1 1 0 0 0 1 1 1 1 1 0 1 1 1 0 0 1 0 1 1 0 0 0 1 0 0 1 0 1 1 1 1 0 1 1 0 1 0 0 1 1 1 0 1 0 0 0 1 1 0 0 1 0 0 0 1 0 1 0 0 1 1 0 1 1 1 1 0 1 1 1 1 0 1 0 0 1 1 0 1 1 0 1 0 0 1 1 0 1 0 0 0 1 1 0 0 0 1 0 1 1 1 1 1 0 1 0 1 0 0 0 0 0 0 0 1 0 1 1 0 0 0 1 1 1 0 0 0 1 1 0 1 1 0 1 1 1 1 0 1 0 0 1 0 0 0 0 1 0 1 1 0 0 
0 1 1 0 0 1 1 1 1 0 1 0 0 0 0 0 1 1 1 1 1 1 0 0 1 0 0 1 0 0 0 1 1 1 1 1 1 0 1 1 0 1 0 0 0 0 0 0 0 1 0 0 1 0 1 1 0 1 0 1 0 1 0 0 0 0 0 1 0 1 1 0 1 1 0 1 0 1 0 1 0 0 1 1 1 1 1 0 0 0 1 1 1 0 1 1 1 1 0 0 1 0 0 0 1 0 1 0 0 1 0 0 0 1 0 0 0 0 0 0 0 0 1 0 1 1 0 0 1 0 0 1 0 1 1 1 1 0 1 1 0 1 1 0 1 1 0 1 1 0 1 1 0 0 0 1 0 0 1 0 0 0 0 1 1 1 1 1 0 0 1 0 0 0 1 1 1 1 0 0 1 0 0 1 0 
0 1 0 1 0 1 1 1 0 0 0 0 0 0 0 1 1 0 0 0 1 1 0 1 0 1 1 0 1 1 1 1 0 1 1 1 0 0 1 1 0 0 1 0 1 1 0 0 1 1 1 0 1 1 0 1 0 1 1 1 1 0 0 0 0 0 0 1 1 0 1 1 0 1 0 0 1 1 1 1 1 0 0 1 0 0 0 0 0 1 0 0 0 0 0 0 1 1 1 1 1 1 1 0 0 1 1 0 1 1 1 1 1 1 0 0 1 0 0 1 0 1 1 0 1 1 0 0 0 1 0 0 0 1 1 0 1 0 0 1 0 1 1 1 0 1 1 0 1 0 1 1 0 0 0 0 0 0 0 0 1 1 1 0 0 1 0 0 1 1 1 1 1 0 1 0 0 1 0 1 1 0 1 1 0 
1 1 0 0 0 0 1 1 0 0 0 1 1 0 0 1 0 1 1 1 0 1 1 1 0 0 0 0 0 0 0 0 0 1 0 1 1 0 0 0 0 1 0 0 0 1 0 0 1 1 1 0 1 1 1 0 0 1 1 1 0 0 0 1 0 1 1 0 1 1 0 1 1 1 0 1 0 0 0 0 1 1 0 0 0 1 1 0 1 1 0 0 1 0 1 0 1 0 1 1 1 0 0 1 1 0 1 0 1 0 1 1 0 0 0 0 0 1 1 0 1 1 1 0 1 1 1 0 1 0 1 1 1 1 0 1 1 0 0 0 1 0 1 1 1 0 0 1 1 1 1 0 1 0 1 1 1 0 0 1 0 0 0 1 1 1 0 1 1 0 0 1 1 1 1 1 0 0 0 0 1 1 1 0 1 
1 1 1 0 1 1 0 1 0 0 0 1 1 1 1 0 1 0 0 0 1 0 0 1 1 0 0 0 1 1 1 1 0 1 1 0 0 0 0 1 0 0 1 0 0 1 0 1 0 0 0 0 1 0 1 1 1 0 0 1 1 1 0 1 1 1 1 1 1 1 1 1 1 1 1 0 0 1 0 1 0 0 1 1 1 0 1 1 0 0 1 1 1 0 1 1 0 1 1 1 0 1 0 1 0 0 1 1 0 0 1 1 0 1 0 0 1 0 0 0 0 1 1 1 0 1 1 1 0 1 0 0 1 0 0 0 0 1 1 0 1 1 1 1 0 1 1 1 0 0 0 0 0 0 1 1 0 0 1 0 1 1 1 1 0 0 1 1 0 1 0 0 0 0 1 1 0 0 0 0 1 0 0 0 0 
0 1 1 0 0 1 0 1 1 1 1 1 1 1 0 0 1 1 0 1 1 0 0 1 1 1 1 0 1 0 0 1 0 0 0 0 1 1 0 0 1 1 1 0 1 0 0 1 0 1 0 0 1 1 0 1 0 1 0 1 0 1 1 0 0 1 1 1 1 0 0 0 0 1 1 1 0 0 0 1 0 1 0 0 0 0 0 0 1 1 1 1 0 1 0 0 0 0 1 1 1 1 0 1 0 0 1 1 1 0 1 1 0 1 1 0 1 0 0 1 0 1 1 0 0 0 1 1 0 1 1 0 1 1 0 1 1 1 1 1 0 1 1 0 0 1 0 1 1 1 1 0 0 0 1 0 1 0 1 0 0 0 0 0 0 0 1 0 1 1 0 0 0 0 0 0 1 1 1 0 0 0 1 0 0 
0 0 1 0 0 1 0 0 0 1 1 1 1 1 1 0 0 1 0 1 0 0 0 0 1 1 0 0 1 1 1 0 1 0 0 1 1 1 0 1 1 1 0 0 0 0 1 1 0 0 0 0 0 0 0 0 1 0 1 0 0 0 0 1 1 0 1 0 0 0 1 1 1 1 0 0 0 1 1 0 0 0 1 0 0 0 0 1 1 1 1 0 1 1 0 1 0 1 1 1 1 1 1 1 0 1 0 1 0 1 1 1 1 0 1 0 0 0 1 0 0 1 0 1 1 0 0 0 0 1 1 1 0 1 0 1 0 1 1 1 1 1 0 0 0 0 1 0 0 1 0 1 1 1 1 1 0 1 0 0 0 0 0 1 1 1 1 0 1 0 1 1 1 0 1 1 1 0 0 1 1 0 0 1 0 
1 0 1 0 0 0 0 0 0 1 0 0 1 1 1 1 0 0 1 1 0 0 0 1 1 0 0 0 1 1 0 1 1 1 0 1 0 1 0 0 0 0 0 0 1 0 0 1 0 0 1 0 0 0 0 0 0 0 1 1 0 1 1 0 1 0 0 1 0 1 0 1 1 1 0 1 1 1 1 1 1 1 1 1 1 0 1 1 0 1 1 0 1 0 1 0 0 1 1 1 1 0 0 1 1 0 1 1 1 1 1 0 1 1 1 1 1 1 0 0 0 0 1 1 1 1 1 1 0 1 0 0 0 1 0 1 0 0 0 0 1 0 1 1 0 1 1 1 1 0 1 1 1 1 0 0 0 0 0 0 1 0 1 1 1 0 1 0 0 0 1 1 0 0 1 1 0 1 1 0 1 1 1 0 0 
1 1 1 0 0 0 1 0 0 1 0 0 0 0 0 1 0 0 1 0 1 0 0 0 1 1 0 0 1 1 1 1 0 0 0 0 0 1 1 0 0 1 1 1 0 0 0 0 0 1 1 1 1 0 1 1 0 1 0 1 0 1 0 1 0 0 0 1 0 0 0 0 1 0 1 0 0 1 1 0 0 1 1 0 0 0 0 1 0 1 0 1 0 0 0 0 1 1 1 0 0 1 1 1 1 0 0 0 1 0 1 0 0 0 1 1 1 0 1 1 0 0 0 0 1 0 1 1 1 0 0 0 0 1 0 0 0 1 0 0 0 0 0 0 0 0 1 1 0 1 0 0 0 1 1 1 0 0 0 1 0 1 1 0 1 0 1 0 0 1 1 0 0 0 1 0 1 0 1 0 0 1 0 1 0 
0 1 1 0 0 0 1 0 1 1 0 0 0 1 0 1 1 1 1 1 1 1 0 0 1 1 0 1 1 1 0 1 0 1 0 0 1 0 1 0 1 1 0 1 1 1 0 0 0 0 0 1 0 0 0 0 1 1 1 1 0 0 0 0 1 0 1 1 0 1 0 1 0 1 0 1 0 0 1 1 1 1 0 0 1 0 0 1 0 1 0 0 1 0 0 0 0 0 1 0 0 0 1 0 0 0 0 1 0 1 0 0 1 0 1 1 1 0 1 0 1 0 0 1 0 0 0 0 1 1 0 0 1 1 0 1 0 1 0 0 1 0 1 1 1 1 1 1 0 0 0 0 1 1 1 1 1 1 1 1 0 0 0 0 0 1 1 0 0 0 0 1 1 1 0 1 1 0 0 0 1 0 0 0 0 
0 1 1 0 0 0 0 1 0 0 1 1 1 0 1 0 0 1 0 1 1 0 0 0 1 1 1 1 0 1 0 0 0 1 1 0 1 0 1 1 0 1 1 1 0 1 1 0 0 0 0 1 0 0 1 0 0 0 1 0 1 0 1 1 0 1 1 0 0 0 0 1 0 0 1 0 0 1 0 0 0 1 1 0 1 0 0 1 0 0 1 0 1 1 1 0 0 0 0 1 0 1 1 1 1 1 1 1 1 0 1 1 1 1 1 1 1 1 0 0 1 0 0 0 1 1 0 1 0 1 1 0 1 1 1 0 0 0 0 0 0 1 1 0 1 1 0 0 1 0 1 0 1 0 0 1 0 0 1 0 0 1 1 1 1 0 1 0 1 1 1 0 1 1 0 0 1 1 0 1 0 1 1 1 0 
1 1 0 1 0 0 1 1 0 0 1 1 1 0 0 1 0 1 0 1 0 0 1 0 1 1 1 0 0 1 0 0 1 0 0 1 1 1 0 0 1 1 1 1 1 0 0 1 1 1 1 1 0 1 0 1 0 0 1 1 0 1 1 1 0 1 0 1 1 0 1 0 0 0 0 1 0 1 1 1 1 0 0 0 1 0 1 0 0 0 0 1 0 0 0 0 1 1 0 0 0 1 1 1 0 0 0 1 0 0 1 0 1 1 0 1 1 1 1 0 1 0 1 0 0 1 0 1 1 0 1 0 1 1 0 0 0 0 1 1 0 1 1 0 0 0 0 1 1 1 0 1 0 0 1 1 1 0 1 0 1 0 0 0 1 0 0 1 1 0 0 0 1 1 1 1 0 1 0 1 0 0 1 0 0 
1 1 0 0 0 1 1 0 1 1 0 0 0 1 0 1 0 1 1 1 1 1 0 1 1 1 1 0 1 0 1 1 0 0 0 1 1 0 1 0 0 0 1 0 0 0 0 1 0 0 0 0 1 1 0 0 1 0 0 1 0 0 1 1 0 0 1 1 0 0 1 0 0 1 1 0 1 0 0 0 1 0 0 0 0 0 0 0 0 1 0 1 0 0 1 1 0 0 1 0 0 1 0 0 0 0 1 1 1 0 0 0 1 0 0 1 0 1 0 1 1 0 1 0 1 0 1 1 0 1 1 0 1 1 1 0 1 0 1 0 0 1 0 0 1 1 0 1 1 0 1 0 0 1 0 1 0 1 1 1 1 0 1 1 1 1 0 0 0 0 0 1 0 0 1 0 0 1 0 1 0 0 0 1 0 
1 0 1 1 1 1 1 1 1 1 1 1 1 0 1 0 1 0 0 1 1 1 1 1 0 1 1 0 1 0 1 1 1 0 0 0 0 0 0 0 0 0 0 0 0 1 0 0 0 0 1 1 1 0 1 1 0 1 1 1 0 0 1 0 0 0 1 1 1 0 0 0 0 0 1 1 1 1 1 0 0 1 1 0 1 0 0 0 1 0 0 1 0 1 0 1 0 1 1 0 0 1 0 0 1 1 1 1 1 1 1 1 1 1 1 0 1 0 1 0 0 1 0 0 0 0 0 1 1 0 0 1 1 0 0 0 0 1 1 1 1 0 1 0 0 0 1 0 1 1 0 1 0 0 1 0 1 1 0 1 1 1 1 0 0 1 0 1 0 1 0 0 0 0 1 1 0 0 1 1 0 0 1 1 0 
1 0 1 0 1 1 0 0 1 1 0 0 1 1 1 0 0 0 1 0 1 0 0 0 0 1 0 1 0 0 1 0 0 0 1 0 1 1 1 0 1 1 0 1 0 0 1 0 1 0 1 0 1 0 0 1 0 1 0 1 1 1 0 0 1 0 0 1 1 0 1 0 1 0 0 0 1 1 1 1 1 0 1 0 1 1 0 0 0 1 1 1 1 0 1 0 0 1 1 1 0 1 1 0 1 1 1 1 1 1 0 0 1 1 1 1 1 0 1 0 1 1 0 0 0 1 1 0 0 0 0 0 0 0 0 0 1 0 0 0 1 0 0 0 0 1 0 0 0 0 0 0 0 0 1 0 0 0 1 0 0 0 1 1 0 1 0 1 0 1 0 1 1 1 1 0 0 0 0 0 0 1 0 0 0 
1 0 1 0 1 0 0 1 1 0 1 0 1 1 0 1 0 1 0 1 0 1 1 1 0 0 1 1 0 1 0 0 0 0 0 1 1 1 1 0 1 1 1 1 0 1 0 0 1 0 1 0 1 1 1 0 0 0 1 1 0 0 1 1 0 0 0 1 0 1 1 0 0 0 1 0 1 1 0 0 1 1 0 1 0 1 0 1 1 1 1 1 0 0 1 0 0 1 1 1 0 1 1 1 1 1 0 1 0 1 1 0 1 0 1 1 0 0 0 0 1 0 1 0 0 0 1 0 0 1 1 0 0 1 1 0 0 1 0 0 0 1 1 0 0 1 1 1 1 0 0 0 1 1 1 1 0 1 0 0 1 1 0 0 1 1 1 1 0 1 1 1 1 0 1 1 1 0 0 0 1 1 1 1 0 
1 1 1 0 1 1 0 0 0 0 1 1 0 1 1 1 0 0 0 0 1 1 0 1 0 0 0 1 0 1 1 1 0 1 1 1 1 0 1 1 1 0 0 0 0 0 0 0 0 1 1 0 0 0 1 0 1 0 1 1 0 0 0 0 1 0 0 0 1 0 0 0 1 1 1 1 0 0 1 1 1 0 1 0 0 0 0 1 1 1 0 0 0 0 1 0 1 1 1 1 1 0 1 1 0 1 1 1 1 0 1 1 1 1 1 0 1 0 1 0 1 0 0 1 1 0 0 1 1 0 1 0 1 1 1 1 1 1 0 0 1 0 0 1 1 1 0 1 1 1 1 1 0 1 1 0 0 1 0 0 0 1 1 1 1 0 1 0 0 0 0 1 1 1 1 0 1 1 0 0 1 0 1 0 1 
1 0 1 0 1 1 1 1 0 0 0 1 0 0 0 0 0 0 1 1 0 1 1 0 0 0 0 1 0 0 0 0 1 1 1 1 1 0 1 1 0 1 0 1 1 1 1 0 0 1 0 1 1 1 1 0 1 1 1 0 1 0 0 1 0 1 1 1 1 0 1 0 1 1 0 1 1 1 0 1 1 0 1 0 1 0 0 0 0 1 0 1 0 0 1 1 0 1 1 1 0 0 1 1 1 1 0 0 0 1 1 0 1 0 1 0 1 1 1 0 1 1 1 0 0 1 1 1 1 0 0 1 0 0 1 1 1 0 1 1 0 0 1 1 1 1 1 0 0 0 0 0 1 0 1 0 1 0 0 0 0 0 0 0 0 1 0 1 1 1 1 0 0 1 1 1 1 0 0 1 0 1 1 1 1 
1 0 1 0 1 0 1 0 0 0 1 0 0 1 1 0 1 0 1 1 1 0 0 0 0 1 1 0 0 0 1 0 0 0 1 0 0 1 0 1 1 1 0 1 0 1 1 1 0 1 1 0 0 0 0 0 0 1 1 0 1 0 0 1 0 0 0 0 1 1 0 1 0 0 0 0 1 0 0 0 1 1 0 0 0 0 0 1 0 0 1 0 1 1 1 0 1 0 1 1 1 0 0 1 0 1 0 0 0 1 0 0 0 0 0 0 0 1 1 0 0 1 0 1 1 1 1 0 1 0 1 0 1 1 1 0 0 1 1 1 0 0 0 1 1 1 0 1 0 1 1 0 0 1 1 1 0 1 1 0 0 1 1 1 1 1 1 1 1 1 0 1 0 1 0 0 0 1 0 0 0 0 0 1 0 
1 0 0 0 1 0 0 0 0 0 1 1 0 0 1 1 0 1 1 1 0 0 1 0 1 0 0 0 1 1 1 0 0 1 0 1 1 0 0 0 1 0 0 0 1 0 1 0 1 0 0 1 1 0 0 1 1 0 1 0 0 1 1 0 0 0 1 0 1 0 1 1 0 1 0 1 1 0 1 1 1 0 1 0 1 1 0 1 0 1 0 0 0 1 0 1 1 1 0 0 0 0 1 1 0 0 0 0 0 1 1 0 1 0 0 0 0 1 0 0 1 0 1 1 1 1 0 1 1 0 1 0 0 0 0 0 1 0 1 0 0 0 1 1 0 1 1 0 0 1 1 0 1 0 1 0 0 0 0 0 1 1 1 0 1 1 1 1 1 0 1 1 1 1 0 0 0 1 1 1 0 1 1 1 0 
1 1 1 0 1 0 1 1 1 0 1 1 1 0 1 0 1 0 1 0 1 1 1 1 0 0 0 1 0 0 0 0 0 0 1 0 0 1 1 1 1 1 0 1 0 1 1 0 1 1 1 1 0 0 0 1 0 1 0 0 0 0 0 0 1 0 0 1 1 0 0 0 0 0 0 1 1 1 1 0 0 1 0 0 0 0 0 1 0 1 0 0 1 0 1 0 1 1 1 0 0 0 0 1 1 0 1 0 1 1 0 0 0 1 0 1 1 0 0 0 0 0 0 0 1 0 1 0 1 1 1 1 1 0 1 0 1 0 0 0 0 1 1 0 1 0 1 1 1 0 1 1 0 0 0 0 1 0 1 0 0 0 1 0 0 1 0 0 0 0 0 1 0 1 1 0 0 1 1 1 0 0 0 0 0 
1 1 1 1 0 1 0 1 1 1 0 0 1 1 1 1 1 1 0 1 1 0 1 1 0 0 1 1 1 1 1 1 0 0 1 1 1 1 1 1 1 0 0 1 0 1 1 0 1 1 0 0 1 0 0 1 1 0 1 1 0 1 1 0 1 0 0 0 0 1 1 1 1 0 0 0 0 1 1 1 1 1 0 1 1 1 1 0 1 1 1 0 0 1 1 0 0 0 1 1 1 0 0 1 1 1 0 0 0 1 1 1 1 0 0 1 1 1 1 0 0 0 0 1 0 1 1 1 1 1 0 1 1 1 0 1 0 1 1 0 0 0 0 1 0 0 1 1 1 0 0 1 1 0 0 1 1 1 1 1 1 1 0 1 0 1 0 0 0 0 1 1 1 1 1 0 1 1 0 0 0 0 0 0 1 
0 0 1 1 0 0 1 1 0 1 0 1 1 0 0 1 0 0 1 1 0 1 0 1 1 0 1 1 1 1 1 0 0 1 0 0 0 0 0 1 0 1 1 0 0 1 0 1 1 0 1 1 1 0 0 1 1 0 1 1 1 0 0 0 0 1 1 0 0 1 0 0 1 0 1 0 0 1 0 1 0 0 1 0 0 1 1 1 0 0 0 0 0 1 1 1 1 0 0 1 1 0 0 1 0 0 1 0 0 1 0 0 0 0 1 0 0 0 0 1 1 1 0 0 1 0 0 1 1 1 1 1 0 0 1 0 0 0 0 1 1 1 1 0 1 1 1 1 0 0 0 1 0 0 0 0 1 1 0 0 0 1 0 1 1 1 1 0 1 1 0 0 1 0 1 1 1 1 0 0 0 0 1 0 1 
0 1 0 0 0 0 0 0 1 0 1 0 1 0 1 0 1 1 1 0 1 0 1 0 0 1 1 1 1 0 0 0 0 0 1 0 0 0 1 0 0 1 1 1 0 0 1 0 1 1 1 1 0 1 1 1 0 1 0 0 0 0 0 0 1 0 1 1 0 0 0 0 1 0 1 0 0 0 1 1 1 1 1 0 1 0 1 0 1 1 0 0 1 1 0 1 0 0 1 1 1 0 0 1 1 1 0 0 0 0 0 0 1 1 0 1 1 1 0 0 0 0 1 1 0 1 0 1 0 1 1 0 0 0 1 0 0 0 1 1 1 0 0 0 1 0 1 1 0 1 1 0 0 1 1 0 0 0 0 0 0 1 1 1 0 1 1 0 0 1 0 0 0 0 0 1 1 0 0 1 0 1 0 1 0 
0 0 0 0 0 0 1 1 0 1 1 0 1 1 0 1 0 1 1 0 0 1 1 1 1 0 1 0 0 1 0 1 1 1 1 0 0 0 0 1 0 0 1 0 0 0 0 1 0 0 0 0 0 0 1 1 1 0 0 0 0 1 0 1 0 1 1 1 1 0 0 0 0 0 0 1 1 0 0 1 1 1 0 1 0 1 1 0 1 0 1 0 0 0 0 1 0 0 0 0 0 0 1 1 1 0 1 1 1 1 1 1 0 1 0 0 1 1 0 0 1 0 1 1 0 1 0 1 0 0 1 0 1 1 1 0 1 0 0 0 1 0 0 1 0 0 1 1 1 0 0 0 1 0 1 1 1 1 1 0 0 1 0 1 0 1 1 0 1 0 0 0 0 1 0 0 1 0 1 1 1 0 1 1 0 
0 1 1 1 1 0 0 1 1 0 1 0 1 1 1 1 1 0 0 1 0 0 1 0 1 0 0 1 0 1 0 1 1 0 0 1 1 0 1 1 1 0 0 1 0 0 1 1 0 1 0 1 1 0 1 1 1 0 0 0 0 0 1 1 1 1 1 0 0 1 1 1 1 1 0 1 0 0 0 0 0 1 1 0 1 1 1 0 0 0 0 1 0 1 1 0 1 0 1 1 1 1 1 0 1 0 0 0 1 1 0 0 1 1 0 0 1 1 0 0 0 1 0 1 1 1 1 0 0 0 0 1 0 0 0 0 1 1 0 1 1 0 1 0 0 1 0 1 1 0 0 1 0 0 1 0 1 1 1 0 1 0 1 1 0 1 1 1 0 0 1 1 0 0 1 0 1 0 0 0 0 1 0 0 0 
1 0 0 0 1 1 1 0 1 1 0 1 0 1 1 0 1 0 0 1 1 0 1 0 0 0 0 1 1 1 0 1 0 1 0 1 0 1 1 0 1 1 0 0 1 1 1 1 0 0 0 1 1 0 1 0 1 1 0 1 1 1 0 0 0 0 0 0 0 0 1 1 0 0 1 1 0 0 1 1 1 1 1 0 1 1 1 0 0 1 0 0 1 0 1 1 1 1 0 1 1 1 1 0 1 1 1 1 0 0 1 1 1 0 0 0 0 1 0 1 0 0 0 0 0 0 1 1 1 1 0 0 0 1 0 0 0 0 0 0 0 0 1 0 1 0 0 1 1 0 1 1 0 1 1 0 1 1 1 1 0 1 0 0 1 1 1 1 1 1 1 0 0 0 1 1 0 0 0 0 1 1 1 0 1 
0 0 1 0 0 0 1 0 1 0 0 0 1 0 0 0 0 0 1 0 0 0 1 0 1 0 1 0 1 1 1 0 1 1 1 1 0 0 1 1 0 1 1 0 0 1 1 1 0 0 0 1 1 0 1 0 1 1 1 0 1 1 1 0 0 0 1 0 1 0 0 0 0 1 0 0 1 0 0 1 1 0 1 0 0 1 1 0 1 0 1 1 1 0 0 0 1 1 1 0 1 1 0 1 1 0 1 0 1 1 1 0 0 1 0 1 1 1 1 1 0 1 1 0 1 1 1 1 1 1 1 1 1 0 1 0 0 0 1 1 0 0 0 1 0 1 1 1 0 1 0 1 1 1 0 1 1 1 1 1 0 1 1 1 1 1 0 1 1 0 1 0 1 0 0 1 1 0 0 0 1 1 0 0 0 
1 1 1 0 1 1 0 1 1 1 0 1 0 0 1 1 0 1 1 0 0 1 0 1 0 0 0 1 0 1 1 1 1 0 1 1 1 1 1 0 0 0 0 1 0 1 0 1 1 1 0 0 0 1 0 0 0 0 1 0 1 0 0 0 0 0 0 1 1 0 0 1 1 1 0 1 1 0 0 1 1 1 0 0 1 1 1 0 0 0 0 0 1 1 0 0 0 1 0 1 0 1 0 0 0 1 0 1 0 1 1 0 1 0 1 0 0 1 1 0 0 1 1 1 1 1 1 0 1 0 0 0 1 0 1 0 0 1 1 1 1 0 1 0 0 0 0 0 1 1 1 1 0 1 0 1 1 1 1 0 1 0 0 1 1 0 1 1 0 0 0 1 0 1 1 0 1 0 0 0 1 1 0 0 1 
0 1 0 0 1 1 1 0 1 1 1 1 0 1 1 1 0 1 0 0 0 1 0 0 0 1 1 1 1 1 0 1 0 0 1 0 1 1 1 0 1 0 1 1 0 1 1 1 0 0 1 1 1 1 0 0 0 0 1 0 1 1 1 1 0 1 0 1 0 1 0 0 1 1 1 1 0 0 0 1 1 1 1 1 1 1 1 0 1 1 1 1 1 0 1 0 0 1 0 1 0 1 1 0 1 1 1 1 1 0 1 0 1 1 1 0 0 1 1 0 0 0 0 0 0 0 1 1 1 1 0 0 1 1 1 1 1 1 1 0 1 0 0 1 1 1 0 1 1 1 1 0 0 1 1 0 0 0 1 0 0 1 0 0 1 0 0 0 0 0 0 1 1 1 1 0 0 0 1 1 0 0 0 1 1 
0 1 0 0 1 1 1 1 0 0 0 0 0 1 1 1 1 1 1 0 0 0 1 1 0 0 0 0 1 1 1 0 0 0 0 0 0 0 1 0 0 0 0 1 0 1 1 0 1 1 1 1 1 1 1 0 0 0 1 0 1 0 0 0 1 0 1 0 1 0 0 1 0 1 0 1 1 1 0 0 1 0 0 0 0 0 1 0 0 1 0 0 0 0 0 0 0 1 1 1 0 0 0 0 0 0 0 1 0 0 1 1 1 1 1 0 1 0 0 0 1 1 0 0 1 0 0 1 1 1 1 0 0 0 0 1 1 0 0 1 0 1 1 0 1 1 0 1 1 0 1 0 1 0 0 0 1 1 0 0 1 0 0 0 0 0 0 0 1 1 0 1 0 0 1 0 0 0 0 1 1 1 0 1 0 
0 1 0 1 0 0 1 1 0 0 1 1 1 1 0 1 1 1 0 1 1 0 1 1 1 1 0 1 0 1 0 0 0 1 0 0 0 1 1 0 0 1 0 0 0 0 0 1 0 0 0 0 0 1 1 1 0 1 1 0 1 0 1 0 0 1 1 0 1 0 0 0 1 1 1 1 1 1 0 0 0 1 0 1 1 1 1 1 0 1 0 0 0 0 1 0 1 1 0 0 0 1 0 0 0 0 0 0 0 1 0 1 0 0 0 1 0 1 1 1 1 0 0 1 0 0 1 0 0 0 0 0 1 1 1 0 0 0 1 1 1 1 1 0 0 0 1 1 0 1 1 1 0 0 0 1 0 0 1 1 1 0 0 1 0 1 1 1 0 1 0 1 1 0 0 0 1 1 1 0 0 0 0 1 1 
1 1 0 0 1 0 1 0 1 1 1 1 1 1 1 0 0 1 1 1 1 1 0 0 0 0 1 0 1 1 1 0 0 1 0 0 0 1 0 0 0 1 0 1 0 0 0 1 1 1 0 1 0 0 1 0 1 0 1 0 0 0 0 0 1 1 0 0 0 1 1 1 1 1 1 1 0 0 1 1 0 1 0 1 1 0 1 1 0 1 1 0 0 0 0 1 0 0 1 0 1 1 1 1 0 0 0 1 1 1 1 1 0 0 1 0 1 1 0 0 1 1 0 0 0 1 0 0 0 1 1 0 0 1 1 0 0 1 1 0 0 0 1 1 0 0 1 1 0 1 0 1 1 0 0 1 0 1 1 0 1 1 1 0 1 0 1 0 1 0 1 0 0 1 0 0 1 1 1 0 1 0 0 0 1 
0 0 0 0 1 0 0 1 1 1 0 0 1 1 1 1 1 1 0 0 1 1 0 1 1 1 0 1 0 1 1 0 1 0 0 1 0 1 0 1 0 0 0 1 1 1 1 0 0 0 0 0 0 1 1 0 1 0 1 1 0 0 0 0 0 1 0 0 1 1 0 1 1 0 1 0 1 1 0 0 1 1 1 1 0 1 0 0 1 0 0 1 0 0 0 0 0 0 0 0 0 0 0 0 0 0 0 0 0 0 1 0 1 0 1 1 0 0 1 0 1 0 0 0 0 0 1 1 1 1 0 0 1 0 1 1 1 0 0 1 1 1 0 1 1 0 0 0 1 0 0 0 1 1 0 1 1 0 1 1 0 1 1 0 0 0 1 1 1 1 1 1 0 1 1 1 0 1 1 1 0 0 1 1 0 
1 0 0 1 0 1 0 0 1 0 1 0 0 1 0 1 0 1 0 0 1 1 1 1 0 1 1 0 0 1 1 1 1 1 0 0 1 0 1 1 1 1 1 1 1 0 0 0 0 0 0 1 0 1 1 0 0 1 0 0 1 1 0 1 1 0 0 0 0 1 0 1 1 1 1 1 1 0 0 0 0 1 1 1 0 0 1 0 0 1 0 1 0 1 0 1 0 1 1 1 0 0 0 0 0 0 1 1 1 1 1 0 0 0 1 0 0 0 1 0 1 0 1 0 1 0 1 1 0 1 1 1 1 1 0 0 0 0 1 1 1 1 0 0 1 1 1 0 1 0 1 1 1 0 0 0 0 1 1 1 0 0 1 1 1 0 0 1 1 1 1 1 1 1 0 0 1 1 0 0 1 1 0 1 1 
0 1 1 0 1 1 0 0 1 1 1 0 0 1 0 1 1 0 0 0 0 1 0 0 1 0 1 1 0 1 1 0 1 0 0 1 1 1 1 1 1 0 0 1 0 1 1 1 0 0 0 0 1 1 0 1 1 1 0 1 1 1 1 0 1 0 0 1 0 0 0 1 0 0 1 1 1 0 0 0 1 1 1 1 1 1 0 1 0 0 0 1 0 0 1 1 1 0 1 0 1 0 0 1 1 1 1 0 1 1 0 1 1 1 1 1 0 1 0 0 1 1 0 1 0 1 1 1 0 1 0 1 0 1 0 1 1 0 0 1 0 0 0 0 1 1 1 0 0 0 1 0 0 1 1 0 0 1 1 0 0 0 0 1 1 1 0 0 0 1 1 0 0 1 0 0 1 0 0 0 0 0 1 1 1 
0 0 1 0 0 1 0 0 0 0 1 1 0 0 1 0 0 0 1 1 1 0 1 1 1 0 1 1 0 0 0 0 1 1 0 0 1 1 1 0 1 1 0 1 0 1 1 1 1 1 0 1 0 0 0 1 0 1 1 0 1 0 0 1 0 0 1 0 0 1 0 0 1 1 0 0 1 0 1 0 0 1 1 0 0 0 1 1 0 0 0 1 0 1 0 1 1 0 0 1 1 0 1 1 1 1 0 0 0 1 1 0 0 0 1 1 0 0 1 0 1 1 1 1 1 1 1 1 1 0 0 0 0 1 0 1 0 0 1 1 0 0 1 0 1 1 1 1 1 0 1 0 0 1 1 1 0 0 0 0 0 0 1 1 0 1 1 0 0 0 1 0 0 1 1 0 1 0 1 1 0 0 0 0 1 
1 0 0 1 1 1 0 0 0 1 0 0 1 1 0 0 1 0 1 1 0 0 0 0 0 0 1 1 1 1 0 0 0 0 1 1 0 0 1 1 1 0 1 0 1 0 0 0 0 0 1 1 1 0 0 0 1 1 0 1 0 0 1 0 1 1 1 1 1 1 1 1 0 0 0 1 1 1 1 1 0 0 1 0 1 0 1 0 1 1 0 0 1 1 0 0 0 0 1 0 0 1 0 1 0 0 1 1 0 1 1 0 1 1 0 1 0 1 0 0 1 0 0 1 0 0 1 0 1 1 0 0 0 1 0 0 1 1 0 0 1 0 1 0 1 1 1 0 0 0 0 0 0 0 0 1 1 1 0 1 0 1 1 0 0 0 0 1 0 1 1 0 0 0 0 0 0 1 0 1 0 0 1 0 0 
0 1 0 1 1 1 1 0 1 0 1 0 1 0 0 1 1 1 1 1 0 0 0 0 0 1 1 0 1 1 0 0 1 0 1 1 1 0 1 1 0 1 0 0 0 1 1 1 1 1 0 0 1 0 1 1 0 1 1 1 1 1 0 1 1 1 1 0 0 1 0 1 0 1 1 0 1 0 1 1 0 0 1 1 1 0 0 0 1 0 0 1 0 0 0 0 0 0 1 1 0 1 1 0 1 0 1 0 1 1 1 1 1 0 1 1 0 1 0 0 0 1 1 1 1 1 1 1 0 1 0 1 0 1 1 1 1 1 0 0 1 1 0 0 0 0 0 1 0 0 1 0 0 1 1 1 0 0 1 0 1 0 0 1 1 0 1 1 0 0 1 0 0 1 1 1 0 1 0 1 1 0 0 0 1 
0 1 0 0 0 1 0 1 0 1 1 0 1 1 0 0 1 1 0 1 0 1 0 1 0 0 0 1 0 1 1 0 1 0 1 1 1 0 0 1 0 0 0 0 0 1 0 0 0 0 0 1 1 1 0 0 1 1 1 0 1 1 1 1 1 0 1 1 1 0 1 1 0 0 1 1 0 1 1 0 1 1 0 1 1 0 1 1 1 0 0 1 1 0 0 0 1 1 0 0 0 0 1 1 1 0 0 0 1 0 0 0 0 0 0 0 0 1 0 0 0 0 0 0 1 1 0 1 0 1 0 0 1 0 0 1 1 0 0 1 0 0 0 1 0 1 0 1 1 1 1 0 0 0 1 1 0 1 1 1 1 0 0 1 0 0 0 1 0 0 1 1 1 0 0 1 0 0 0 1 0 0 0 0 1 
1 0 0 0 1 0 0 0 0 0 0 0 1 0 0 1 1 0 0 1 0 0 0 1 1 0 0 1 0 0 0 0 1 0 1 0 1 1 0 0 0 0 1 0 1 0 1 0 1 0 1 0 1 1 0 1 0 1 0 0 1 1 0 0 0 0 0 0 0 1 0 1 1 1 0 0 1 0 0 0 0 0 1 1 0 1 0 1 1 0 0 1 1 0 1 1 0 0 1 1 0 1 1 0 1 0 0 0 1 1 0 0 1 1 0 1 1 0 0 1 1 0 1 0 0 1 0 1 1 1 1 1 0 0 1 1 1 1 1 0 0 1 0 0 0 1 0 1 0 0 0 0 1 0 0 1 0 0 1 0 1 1 1 1 0 0 0 1 0 0 0 0 1 1 0 1 1 0 1 0 0 1 0 1 1 
1 0 1 1 0 1 1 1 1 1 0 1 1 1 1 1 1 0 1 1 1 1 0 1 0 1 0 1 0 0 1 1 1 0 1 1 0 0 0 1 1 1 1 0 1 0 1 0 1 1 1 1 1 1 1 0 1 0 1 0 0 0 0 1 1 1 1 1 0 0 0 0 1 1 1 1 0 0 0 1 1 0 1 1 0 0 0 1 1 1 1 1 0 0 1 1 1 1 1 1 0 1 1 0 0 0 0 0 1 0 1 0 0 0 1 1 0 0 0 0 1 1 0 0 0 0 1 0 0 1 1 1 0 1 1 0 1 0 0 1 0 0 0 1 1 0 1 1 1 0 0 1 1 1 0 1 1 0 0 1 1 1 0 1 0 0 0 1 0 1 0 0 0 0 1 0 1 0 1 1 0 1 0 1 0 
1 0 1 0 0 0 0 0 1 1 1 1 0 0 0 1 0 1 1 0 0 0 1 1 1 0 1 1 1 1 1 1 0 0 0 1 0 1 0 1 0 0 1 0 1 1 1 1 1 0 0 1 0 0 1 1 1 1 0 0 1 0 0 0 1 0 1 0 1 1 1 1 0 1 0 0 0 1 0 1 1 0 1 0 1 0 1 1 1 0 0 0 0 1 0 0 0 1 1 0 0 0 0 1 1 1 1 1 0 1 0 1 0 1 1 1 0 1 0 0 1 1 0 0 0 0 1 0 0 1 0 1 0 1 1 0 0 0 0 0 0 1 1 1 0 0 1 1 1 0 0 1 0 0 0 0 1 1 1 0 1 0 0 1 0 1 1 1 0 0 1 1 1 1 1 1 1 0 0 1 0 0 1 0 1 
0 0 1 1 1 1 0 1 0 0 0 0 0 1 1 1 1 1 0 1 1 0 0 1 0 1 1 0 1 1 1 0 1 0 1 0 0 1 1 0 1 0 1 0 0 0 1 0 1 1 1 0 1 1 1 1 1 1 0 1 1 0 0 0 0 0 0 0 0 1 0 1 1 0 0 0 1 1 0 1 1 0 0 0 0 1 1 0 0 1 1 1 0 0 1 0 0 0 1 1 0 1 0 1 0 1 0 0 0 0 1 1 0 1 0 0 0 1 0 1 1 0 0 1 1 0 1 0 0 1 0 0 1 1 1 1 1 1 1 0 1 0 0 0 0 0 1 1 0 0 1 0 1 1 1 1 0 1 0 1 1 1 1 0 0 0 0 0 0 1 0 0 0 0 0 0 1 1 0 0 0 0 0 0 1 
1 1 0 1 0 1 0 1 0 1 1 0 0 1 1 1 0 1 1 0 0 0 0 1 1 1 0 1 1 0 1 1 1 0 1 1 1 1 0 1 0 1 1 0 1 1 1 0 1 1 1 0 0 0 1 0 0 1 0 0 0 1 0 1 0 1 1 0 0 1 1 1 0 0 0 1 0 0 0 0 0 0 0 1 1 1 1 1 0 1 1 0 1 1 0 1 0 1 1 1 0 0 0 0 1 1 0 1 0 0 1 0 1 0 1 0 0 0 1 0 0 1 1 0 1 0 1 0 0 0 1 1 1 0 0 0 0 1 1 1 0 1 0 1 0 1 1 0 1 0 0 0 1 1 1 0 1 0 0 1 0 0 1 1 0 1 0 0 1 0 1 0 0 1 1 0 0 1 1 0 1 1 1 1 0 
1 1 0 1 0 1 0 1 1 1 0 0 0 0 0 1 0 0 0 0 1 1 1 1 1 0 1 0 0 1 0 1 0 0 0 0 1 0 1 1 0 1 1 1 0 0 0 1 1 0 1 1 0 0 1 1 1 1 1 1 0 0 0 1 0 1 0 0 0 0 0 0 1 1 0 0 1 0 0 0 0 0 0 1 1 1 1 1 0 0 0 0 0 0 1 0 1 1 1 1 1 0 1 0 0 0 1 0 0 0 1 0 0 1 0 0 0 1 1 0 0 0 0 1 1 0 1 1 0 1 0 0 1 0 0 0 0 1 0 1 0 0 1 1 1 0 1 0 0 1 1 0 1 0 1 1 0 0 0 0 0 0 1 1 0 1 1 0 1 1 0 1 1 1 1 0 0 1 0 1 1 0 0 0 0 
0 1 0 0 0 0 0 1 0 1 0 1 0 0 1 0 1 1 0 0 0 1 1 1 1 0 1 1 1 1 0 0 0 1 0 1 1 0 0 0 0 0 1 0 0 0 0 0 1 0 1 0 0 1 1 0 1 1 1 1 0 1 1 1 1 0 0 1 1 0 0 0 1 1 0 0 0 1 1 0 0 0 1 0 0 0 1 1 0 1 0 0 0 1 0 0 0 1 0 1 1 0 1 1 0 0 0 1 1 1 1 0 1 1 1 1 1 1 1 0 0 1 0 1 0 1 1 0 0 1 1 0 0 0 1 1 0 0 0 0 0 1 1 0 1 1 1 1 1 0 1 0 1 0 0 1 0 1 0 0 0 0 1 0 0 0 1 1 0 0 1 1 0 0 1 1 0 1 1 0 0 1 1 0 0 
1 0 1 1 0 1 1 1 0 1 1 1 1 1 1 1 0 0 0 1 1 0 0 0 0 0 0 0 1 1 1 0 0 1 0 0 0 0 0 1 1 1 1 1 1 1 0 1 1 1 0 0 1 1 1 1 0 0 1 0 0 0 1 1 1 0 0 0 1 1 0 1 0 0 0 0 0 0 1 1 0 0 0 1 0 1 1 0 1 1 0 1 1 0 1 1 1 1 1 1 0 1 1 1 0 0 0 0 1 0 1 0 0 1 1 0 0 1 1 1 0 1 0 0 0 0 0 1 0 1 0 0 0 1 0 0 1 1 1 1 1 1 0 1 1 1 0 1 0 1 0 0 1 1 0 0 0 0 1 1 0 1 1 1 1 1 0 0 1 1 0 0 1 1 0 0 1 1 1 1 1 1 0 0 1 
0 1 1 0 0 0 0 0 0 0 1 1 0 0 0 1 0 1 1 1 0 1 1 0 0 1 0 0 0 0 0 0 1 1 1 1 0 0 0 1 1 1 0 0 1 0 1 1 1 0 1 1 1 1 1 0 0 0 0 0 1 0 0 1 1 1 1 0 1 0 1 0 1 0 1 0 1 1 1 0 0 1 1 1 1 0 1 0 1 1 1 1 1 0 1 0 1 0 0 1 0 0 1 0 0 1 1 1 1 1 0 1 0 1 1 0 0 0 0 0 1 1 1 1 0 0 0 1 1 0 1 1 1 1 0 0 1 1 1 1 0 1 0 0 1 0 1 0 1 1 1 0 1 1 0 0 0 0 0 0 1 0 1 1 1 0 0 0 1 1 0 0 0 0 0 1 1 1 0 0 1 0 0 0 1 
1 0 1 0 1 0 0 1 1 0 1 1 0 1 1 0 1 1 1 1 1 0 1 0 0 1 1 1 1 0 1 0 0 1 1 0 1 1 0 0 0 1 0 1 1 1 0 0 0 0 0 0 1 0 0 1 1 0 0 0 0 0 0 0 1 1 1 1 1 1 1 0 0 0 1 0 1 1 0 1 0 1 0 0 0 0 0 1 0 1 0 1 1 1 1 0 1 1 0 1 1 0 1 0 0 0 0 0 0 1 1 1 1 1 1 0 1 0 1 1 1 0 0 0 0 0 0 1 1 1 0 0 0 1 0 1 1 1 1 1 1 0 1 1 0 1 0 0 0 1 0 1 0 0 1 0 1 1 0 1 0 0 0 1 1 1 1 0 0 0 0 1 1 0 1 1 1 1 0 1 0 0 1 1 1 
1 0 1 1 0 1 0 0 0 1 1 1 1 1 0 1 1 0 0 0 1 0 0 1 0 0 1 1 0 0 1 1 1 0 0 0 1 1 1 0 0 0 1 1 0 1 1 1 0 0 0 1 0 1 0 0 0 1 0 1 0 1 0 0 0 0 1 1 1 1 0 1 0 1 1 0 1 1 1 0 1 0 1 1 1 0 0 0 1 0 1 0 1 0 0 1 1 0 0 0 1 1 1 0 0 1 0 0 0 1 0 1 0 0 0 1 1 0 0 0 0 0 0 0 0 0 1 0 1 1 1 0 1 0 1 0 0 1 0 1 1 0 0 1 1 0 1 0 0 0 1 0 0 0 1 0 0 0 0 1 0 0 0 0 0 1 0 0 0 1 0 0 1 1 0 0 0 0 1 1 1 0 0 0 1 
0 0 0 1 1 1 0 0 0 1 0 1 1 1 1 0 0 1 0 1 0 1 0 0 0 1 0 1 0 1 1 0 0 1 0 0 1 1 0 1 0 1 0 1 0 0 0 1 0 0 1 0 0 0 0 1 0 0 0 0 1 0 0 1 0 0 0 0 1 0 0 0 0 0 1 0 0 1 1 1 0 0 1 0 1 1 1 0 0 0 1 0 0 0 1 0 1 0 1 1 0 1 0 1 1 1 0 0 1 0 0 1 1 0 1 0 0 1 0 1 0 0 0 1 0 0 0 0 1 0 0 0 0 1 1 0 0 1 0 1 0 1 1 1 0 1 0 0 0 1 1 1 0 0 1 0 0 0 1 1 1 1 1 0 0 1 1 1 0 1 1 1 0 1 0 0 0 1 0 1 1 1 0 0 1 
0 0 0 0 0 1 0 0 1 0 0 0 1 0 0 1 0 1 1 1 0 0 0 0 0 0 0 1 0 1 0 0 1 1 0 0 0 1 0 1 0 0 1 1 1 0 1 0 1 1 0 0 0 1 1 1 0 1 0 0 0 0 1 1 0 0 0 0 1 1 0 0 0 1 0 0 1 0 1 1 1 1 0 1 0 1 0 0 1 0 0 0 0 0 0 0 1 0 1 1 1 0 0 1 1 1 0 0 0 1 1 0 0 1 1 0 1 0 1 0 0 0 0 1 1 0 0 0 1 1 0 0 0 1 0 0 0 0 1 0 1 0 0 1 1 1 1 1 1 0 1 0 1 0 1 0 0 1 0 0 0 1 1 1 1 0 1 1 1 0 0 0 1 0 0 0 0 1 0 0 0 1 1 1 0 
0 1 0 0 0 0 1 0 0 0 0 0 0 0 0 1 1 1 1 0 1 1 0 0 0 1 0 1 1 0 1 0 1 1 0 1 0 0 0 0 1 0 0 1 0 0 1 0 0 0 1 0 1 1 0 1 0 0 1 0 0 1 0 0 0 0 0 1 1 0 1 0 1 1 1 1 1 0 0 1 0 1 0 0 0 0 1 1 0 0 1 0 0 0 1 0 0 0 1 1 0 1 0 0 1 0 0 1 1 0 0 1 1 1 1 1 1 0 1 0 0 0 1 0 1 1 1 1 0 0 1 0 1 0 0 0 1 1 0 0 0 1 1 1 1 1 1 1 0 0 0 1 0 1 1 1 0 1 1 0 1 1 0 0 1 1 0 1 0 0 1 1 0 1 0 0 1 0 1 0 1 1 0 1 1 
1 1 1 0 1 0 1 1 0 1 0 0 0 0 0 1 0 1 1 1 0 1 0 0 1 0 0 1 0 0 0 0 1 1 0 0 1 1 1 0 1 1 1 1 1 0 1 1 0 0 1 0 0 0 0 0 0 1 1 0 0 1 0 0 1 0 0 1 0 1 0 0 1 0 0 0 0 1 0 1 1 0 1 1 0 0 1 1 1 0 0 0 1 1 1 1 0 1 0 0 0 0 1 1 1 0 0 1 0 1 1 1 1 1 1 0 1 1 1 1 0 1 1 1 1 1 0 1 1 0 0 1 0 0 1 0 1 1 1 1 1 0 0 0 0 0 1 0 1 0 0 1 0 0 0 0 1 1 1 0 0 1 1 1 0 1 0 0 1 1 1 0 0 1 0 0 1 0 0 0 1 0 1 1 0 
0 0 0 0 1 0 0 1 0 0 1 1 1 0 1 0 1 0 1 0 0 0 1 1 1 0 1 1 0 1 0 0 0 0 0 0 1 0 1 1 1 0 0 1 0 0 1 0 1 1 1 0 1 1 0 0 0 0 1 1 1 1 0 1 1 0 1 1 0 1 1 0 1 1 0 1 0 0 1 0 0 1 1 1 0 1 1 0 0 0 1 1 1 1 1 0 1 0 0 0 1 1 1 1 1 1 0 1 1 1 1 0 1 1 1 1 1 1 1 0 1 1 0 1 1 0 1 1 1 0 0 0 0 1 1 1 1 0 0 1 1 1 1 1 1 1 0 0 0 0 1 1 1 1 1 1 1 0 1 0 1 1 0 1 1 1 1 1 0 1 0 0 0 1 1 0 1 0 1 0 0 1 0 0 1 
1 0 0 0 1 0 0 0 0 0 0 1 1 1 1 0 1 1 0 1 0 1 1 0 1 0 0 1 0 0 1 1 1 1 1 0 0 0 0 1 0 0 1 1 1 1 0 1 1 0 1 0 1 1 0 1 0 0 1 0 0 1 1 1 0 0 1 0 1 1 0 0 0 0 0 1 1 1 1 1 0 0 0 0 1 0 0 1 0 1 1 1 1 0 0 1 0 0 0 1 1 0 1 0 1 1 0 1 1 1 0 1 0 1 1 0 1 0 0 1 0 0 1 0 1 0 1 0 0 1 1 1 1 0 0 1 1 1 0 1 0 1 1 0 1 1 0 0 0 1 0 0 1 0 0 0 0 0 0 1 1 0 1 0 1 1 1 0 0 0 0 0 1 0 1 0 1 1 1 1 0 0 1 0 0 
0 0 1 1 1 0 1 1 0 0 0 0 0 1 0 1 0 0 1 1 0 1 1 0 1 1 0 1 1 0 1 0 1 0 0 0 0 1 1 0 1 0 0 0 0 0 0 0 0 1 0 1 0 1 0 1 1 0 0 1 0 0 1 1 0 0 1 1 1 1 0 1 1 1 1 1 0 1 0 0 0 0 0 0 0 0 1 1 1 1 0 1 1 1 0 1 1 1 0 0 0 1 0 0 1 1 1 0 0 1 0 0 1 1 0 1 0 0 0 0 1 0 0 0 0 1 0 1 0 1 1 1 0 0 0 0 0 1 0 1 0 1 1 0 1 0 1 0 1 1 1 1 0 0 1 1 0 1 0 0 1 0 0 0 0 0 0 0 0 0 0 0 1 0 1 0 1 0 1 0 0 1 1 0 0 
0 0 0 1 1 0 1 0 1 1 0 1 1 0 1 0 0 1 1 0 0 1 0 0 1 1 1 0 0 1 0 1 1 1 0 1 1 1 1 1 1 1 1 0 1 0 1 1 0 0 1 1 0 1 1 0 0 0 0 0 0 1 0 1 0 1 1 1 0 1 0 1 1 1 0 1 0 1 0 1 1 0 1 0 0 0 0 0 1 1 1 1 0 0 0 0 1 0 1 0 0 0 1 0 0 0 1 0 0 0 0 1 0 1 0 0 1 0 1 1 1 1 1 0 1 0 1 1 1 0 0 0 0 1 1 1 1 1 0 1 1 0 1 1 1 1 1 1 0 1 1 0 0 0 0 1 0 1 0 1 1 0 0 1 1 0 1 1 0 0 1 0 1 0 0 0 0 1 0 0 1 0 1 0 0 
0 1 0 0 1 0 1 0 0 1 0 1 1 1 1 0 1 1 0 1 0 0 0 1 0 0 0 1 1 1 1 1 1 0 1 1 1 0 0 0 0 1 0 0 1 0 0 1 0 0 0 0 0 1 1 1 1 1 1 0 1 0 0 0 0 0 1 0 0 0 0 0 0 1 1 0 1 0 1 1 0 0 1 1 1 0 0 0 0 0 0 0 1 1 0 0 0 0 1 0 1 1 1 1 0 1 0 0 1 1 0 1 1 0 1 1 1 0 0 1 1 1 0 1 1 0 0 1 1 1 0 1 0 1 1 1 1 1 1 0 1 0 0 1 1 0 1 1 0 0 0 1 1 0 0 1 0 0 1 1 1 0 0 1 1 0 1 1 0 0 0 1 0 0 1 1 0 1 0 0 0 1 0 1 1 
0 0 0 0 0 1 0 0 0 1 0 0 0 1 1 0 0 1 1 0 0 1 1 0 0 1 0 1 1 1 0 0 1 1 0 1 1 0 1 1 1 1 1 0 0 1 0 1 0 0 0 0 0 1 0 1 0 1 1 0 1 0 0 0 1 0 0 1 1 1 0 1 1 0 0 0 1 0 1 1 0 1 1 1 1 1 0 0 1 1 1 1 1 1 1 0 0 1 0 1 1 0 0 0 1 0 0 0 0 0 0 1 0 0 0 0 1 0 1 0 1 0 0 0 0 1 1 1 0 0 0 1 0 0 0 1 0 1 1 0 0 1 1 0 1 1 1 1 1 0 0 0 0 0 0 0 1 0 1 0 0 1 1 0 0 0 1 0 0 1 1 1 1 0 0 1 1 1 0 1 1 1 0 1 1 
1 1 0 1 1 1 1 0 1 1 1 0 1 1 1 0 0 0 1 1 1 0 1 0 0 1 0 1 1 0 1 1 0 0 0 1 1 1 0 1 1 0 1 0 0 0 0 0 1 0 0 0 0 0 0 1 0 1 0 1 0 1 1 1 0 1 1 0 0 0 0 0 1 0 0 0 1 0 0 0 1 0 0 0 1 0 1 0 0 1 1 1 0 1 1 0 0 1 1 1 0 0 0 1 1 0 1 1 1 0 0 0 1 0 0 1 0 0 1 1 1 1 0 0 0 0 0 0 1 0 1 1 0 0 0 0 1 1 0 0 1 0 1 1 1 0 1 1 1 1 1 1 0 1 0 0 1 1 1 1 1 1 1 0 1 0 1 1 1 0 0 0 1 1 0 1 0 1 1 1 0 1 1 0 0 
1 1 0 0 1 0 1 1 1 1 0 0 0 0 0 0 0 1 0 1 1 0 1 0 1 0 1 1 1 0 0 0 1 1 1 0 0 0 0 0 0 1 0 0 1 0 1 1 0 0 1 1 1 0 1 0 0 1 0 0 0 0 0 0 0 1 0 0 1 1 1 1 1 0 1 1 1 0 0 1 0 0 0 0 1 0 0 0 1 1 0 0 0 0 0 0 0 1 0 0 0 0 0 1 1 0 0 1 1 0 0 0 1 1 0 1 1 0 1 1 1 0 0 0 0 1 1 0 0 0 0 0 0 0 1 0 1 1 0 1 0 1 1 0 1 1 1 1 1 0 0 0 1 0 0 0 0 0 0 0 1 1 1 1 0 0 0 1 0 1 1 1 0 1 0 0 0 1 1 1 0 0 1 0 1 
1 1 0 0 0 0 1 1 0 1 1 1 1 0 0 1 0 1 1 0 0 1 0 1 0 1 0 1 0 1 1 0 0 0 1 1 0 1 0 1 1 0 0 0 0 0 1 1 1 1 1 1 0 0 1 1 1 1 1 1 0 1 1 1 1 0 0 1 0 0 0 0 0 0 1 0 1 1 1 1 0 1 0 1 0 0 1 1 0 0 0 1 0 0 0 0 0 0 0 1 0 1 1 1 0 0 0 1 0 1 1 1 0 1 1 0 0 0 0 0 0 1 0 1 1 1 1 1 1 1 0 1 1 1 1 1 1 1 0 0 0 1 0 0 1 1 1 1 0 1 1 1 0 0 1 0 1 1 1 0 0 0 0 1 1 0 1 1 1 1 0 0 1 1 0 1 0 1 1 1 1 1 0 1 1 
1 1 0 0 0 0 0 0 1 0 1 1 1 1 0 1 0 1 1 1 1 0 0 1 0 1 0 1 1 1 1 0 0 1 1 1 1 0 1 1 1 0 0 1 1 1 1 0 0 1 1 1 1 0 0 1 0 1 0 0 0 0 0 0 1 1 1 1 1 0 1 1 0 0 0 1 0 1 1 0 0 0 0 0 1 1 0 1 0 0 1 1 1 1 0 0 1 1 0 1 1 1 0 1 1 0 1 0 0 0 0 0 0 1 1 1 1 0 1 1 1 1 0 1 1 1 1 1 1 1 1 1 1 1 0 0 0 0 0 0 0 0 1 0 1 0 0 0 0 0 1 1 0 0 0 0 1 0 1 0 1 1 0 1 0 1 1 1 1 1 1 1 1 0 0 1 1 0 1 0 0 1 1 1 1 
1 1 0 0 0 0 1 1 1 1 0 0 1 0 0 1 0 1 1 1 0 1 0 1 1 0 1 0 0 0 1 0 1 1 0 1 1 1 0 1 1 0 0 1 0 1 1 0 1 1 0 0 0 1 0 0 0 0 0 0 1 1 1 0 0 0 1 1 0 1 0 0 0 1 1 0 1 0 0 1 1 1 1 1 0 0 0 1 1 1 0 0 1 1 0 1 1 1 1 0 1 1 1 1 1 1 0 1 1 0 1 1 0 1 0 1 0 0 1 0 0 1 1 0 1 1 0 1 0 1 0 0 0 0 1 1 1 0 0 1 0 1 0 1 0 0 0 0 0 0 1 0 0 0 0 0 0 0 1 1 1 1 0 1 1 0 1 1 1 0 0 1 1 0 0 1 1 1 0 0 1 0 0 0 0 
1 0 1 0 0 0 1 1 0 0 1 1 0 1 1 1 1 0 0 1 0 0 0 0 1 1 0 1 0 1 0 1 1 1 0 1 1 0 0 0 1 0 0 0 0 0 0 0 1 0 1 1 1 1 1 1 1 0 1 0 1 1 0 1 0 1 1 0 0 1 1 0 1 0 1 1 0 1 1 1 0 1 0 0 1 0 0 0 1 1 1 1 1 0 0 1 0 1 1 1 1 1 0 1 1 1 0 0 0 0 1 1 1 0 0 0 1 0 0 0 0 0 0 1 0 0 0 0 0 0 0 1 0 0 0 1 0 0 0 0 1 0 0 1 0 0 0 1 1 0 1 1 1 1 0 1 0 0 0 0 0 1 1 0 1 0 0 0 0 1 0 1 0 0 0 0 0 1 1 0 0 0 0 1 1 
1 0 0 0 1 0 0 1 0 0 1 1 0 0 1 1 0 1 0 0 0 0 0 0 0 0 1 1 1 0 0 0 0 0 0 1 0 1 1 1 1 0 0 1 1 0 0 0 1 1 1 0 0 1 1 0 0 1 1 1 0 1 0 0 1 1 0 0 1 1 1 0 0 1 0 1 0 0 1 0 0 1 1 1 0 1 0 1 1 0 1 0 0 0 1 1 1 1 0 0 0 1 0 1 1 1 1 1 0 0 1 1 1 1 1 0 0 0 1 1 0 0 0 0 0 0 0 0 0 1 0 0 0 1 0 0 1 1 0 1 1 0 1 0 0 0 1 0 0 0 0 1 1 0 0 1 0 1 0 1 0 1 1 1 0 0 0 0 0 1 1 0 1 0 0 1 1 0 0 1 0 0 0 0 0 
0 1 0 0 1 1 0 1 1 0 1 0 1 0 0 0 0 1 0 1 1 1 0 1 1 0 0 1 1 0 1 1 0 1 1 1 1 0 1 0 0 0 1 0 0 0 0 0 1 0 1 0 0 1 1 1 1 0 1 1 1 1 1 0 0 0 1 0 0 0 0 1 1 0 0 0 0 0 0 1 1 1 1 0 1 1 0 1 1 1 0 1 0 1 0 0 1 1 0 1 0 0 1 0 1 1 0 1 1 0 0 1 0 0 0 1 0 0 1 1 0 1 0 1 1 0 0 1 0 1 0 0 0 0 0 0 0 0 1 0 0 0 0 1 1 1 0 0 0 1 0 1 0 1 1 1 0 1 1 1 0 0 1 1 0 0 0 0 0 0 1 1 1 1 1 1 1 0 0 0 1 0 0 0 1 
0 1 1 0 0 1 0 0 1 0 1 0 0 1 0 1 1 1 0 0 0 0 0 0 0 0 0 0 1 0 0 1 0 0 1 0 1 0 0 1 0 0 0 0 1 0 0 0 0 0 1 1 1 0 1 0 0 0 1 0 1 1 1 0 0 1 1 1 1 1 0 1 0 0 0 0 1 1 1 0 1 0 0 1 1 0 1 0 0 0 0 0 0 0 1 0 1 1 1 0 0 1 1 1 0 0 0 1 1 0 0 1 1 1 0 0 0 0 1 0 0 1 0 1 0 1 1 0 0 1 1 0 1 0 0 1 1 1 0 0 0 0 0 1 0 0 1 0 1 1 0 0 0 1 1 1 0 1 1 0 0 0 1 0 1 1 0 1 1 1 1 0 0 1 0 0 1 1 1 1 0 1 0 1 0 
1 1 1 1 1 0 0 1 1 0 1 0 1 0 1 0 0 0 1 1 0 1 0 0 1 0 0 1 0 1 1 0 1 0 0 1 0 1 1 1 1 0 0 1 1 0 1 1 1 0 1 1 0 1 1 0 1 1 0 0 1 1 1 0 0 1 0 1 0 1 0 0 0 1 1 0 1 0 0 0 0 1 0 1 1 1 0 1 1 0 0 0 0 1 1 0 1 0 0 0 1 1 0 1 1 0 0 1 1 1 0 1 1 1 1 0 1 0 0 1 1 1 1 0 1 1 1 1 0 0 0 1 1 1 0 0 1 1 1 0 0 1 1 1 0 1 0 0 0 0 1 0 0 0 0 0 0 0 1 1 0 1 1 1 1 0 1 0 1 0 0 1 1 0 0 0 0 0 0 0 1 0 1 0 0 
1 0 1 1 1 0 1 1 1 0 1 1 1 1 0 0 1 1 0 1 1 1 1 0 1 0 0 0 0 1 0 0 1 0 0 1 1 0 1 0 0 1 0 0 0 1 1 1 0 1 0 0 1 0 1 1 1 1 0 0 0 0 1 1 1 0 0 1 0 1 1 1 1 1 1 0 0 0 0 0 0 0 1 1 1 1 0 1 1 1 1 0 0 0 1 1 0 0 1 0 0 1 1 1 0 0 0 0 1 1 1 0 0 0 0 1 1 1 1 1 1 1 0 1 1 1 0 1 1 0 1 0 1 0 1 1 0 0 1 1 0 0 1 1 1 0 0 0 0 1 1 1 1 0 1 1 0 1 1 0 1 0 1 0 1 1 0 0 1 1 1 0 1 0 1 1 1 1 1 0 1 0 0 0 0 