160 18521 124 55 80 114 
0 1 0 1 0 0 0 0 0 0 1 1 0 1 0 1 1 1 1 0 1 0 0 0 0 1 1 0 0 0 0 0 0 1 0 1 0 1 0 0 0 0 1 1 1 0 1 0 1 1 1 0 0 0 1 1 0 1 0 1 0 1 0 1 1 0 1 1 0 0 0 1 0 0 0 1 1 1 1 1 0 0 0 0 1 0 1 0 0 1 0 0 1 0 1 1 1 0 0 1 0 1 1 0 1 0 0 0 0 1 1 1 0 1 1 1 0 0 0 1 0 0 0 0 0 0 0 1 1 0 1 1 0 0 0 0 1 1 0 1 1 1 1 0 1 0 0 1 1 0 0 0 1 0 0 1 1 0 1 0 
1 0 1 0 1 0 1 0 0 1 1 1 0 0 0 0 1 0 1 1 1 0 1 1 0 1 1 1 1 1 1 0 1 1 1 1 1 1 0 0 1 0 0 0 0 1 0 1 0 1 0 0 1 1 0 0 0 1 1 1 0 0 0 1 0 0 0 1 0 0 1 0 1 1 0 0 0 0 1 0 0 0 1 1 1 0 1 1 0 0 1 1 0 1 0 0 1 0 0 1 0 1 1 0 1 1 1 1 0 0 1 1 0 1 0 1 0 1 1 0 1 1 0 0 1 1 1 0 1 1 0 1 1 0 1 1 0 0 0 0 0 1 0 1 1 0 0 1 1 0 0 0 0 0 1 1 0 0 0 1 
1 1 0 1 1 0 1 1 0 0 0 0 0 0 1 1 1 0 0 1 1 0 1 1 0 1 0 0 1 0 1 0 0 1 0 0 1 0 0 0 0 0 1 1 0 0 0 0 1 0 1 1 0 1 1 0 0 0 0 1 0 0 1 1 0 1 0 0 1 1 0 1 0 1 0 1 1 0 1 1 1 1 0 1 1 0 0 0 1 1 1 1 0 0 1 0 1 0 0 0 0 0 1 1 1 1 0 0 1 0 1 1 0 0 1 0 0 0 0 0 1 1 0 1 1 0 1 1 1 1 1 0 1 1 0 0 1 0 0 0 0 0 1 0 0 0 1 1 0 1 0 1 1 0 0 0 1 0 1 0 
1 0 1 0 0 0 1 0 1 0 0 1 1 0 1 1 1 0 1 0 0 0 1 1 1 1 1 0 1 0 0 1 0 1 0 1 1 1 1 0 0 1 0 1 0 1 0 1 1 0 0 1 0 0 0 0 1 1 1 0 1 1 1 1 1 0 1 0 1 0 1 0 1 0 0 1 0 1 0 1 1 0 0 1 1 1 1 0 0 1 1 0 1 0 1 0 0 1 0 0 0 1 0 1 0 1 1 0 0 0 0 0 0 0 1 1 1 0 1 1 0 1 0 1 0 1 1 0 1 0 0 0 0 0 0 1 0 1 1 0 1 0 0 1 0 1 0 0 0 1 1 1 1 1 1 1 1 0 1 1 
0 1 1 1 0 1 0 1 1 0 0 1 1 0 1 1 1 1 0 1 1 1 1 0 1 0 0 0 0 1 1 1 0 0 1 0 0 0 1 1 1 1 0 0 1 1 1 0 0 1 0 1 0 0 0 0 1 0 0 1 1 0 1 0 0 0 0 0 0 1 1 0 1 0 1 1 0 1 1 1 0 1 1 1 1 1 0 0 1 1 0 0 0 1 1 0 0 0 0 1 0 0 0 1 0 1 0 1 0 0 1 1 0 0 0 0 1 1 1 0 0 0 1 0 0 0 1 0 0 0 0 0 1 0 1 0 0 0 1 1 0 1 0 0 1 0 1 0 0 0 0 0 1 1 1 0 0 1 1 1 
0 0 0 1 1 0 0 0 1 1 1 1 0 0 0 0 1 1 1 1 0 0 1 0 0 1 0 1 0 0 1 1 0 1 0 0 0 0 1 0 0 0 1 1 0 1 1 0 0 1 0 0 1 0 1 0 0 0 1 0 1 1 1 0 0 0 0 1 1 1 0 0 0 0 1 0 1 0 1 1 0 1 1 0 1 1 0 1 1 0 0 1 1 0 0 1 0 1 1 1 0 1 1 0 1 1 0 0 0 1 0 1 0 0 0 0 0 0 0 1 1 1 0 0 0 1 0 1 1 1 1 0 0 0 1 1 0 1 0 0 1 1 1 0 1 0 1 0 0 0 1 0 1 0 0 0 1 0 0 0 
0 1 1 0 1 1 0 0 0 0 0 0 1 0 0 0 0 0 1 0 1 1 0 1 0 0 0 1 1 1 1 1 0 1 0 1 1 0 1 0 0 0 0 1 1 0 1 1 0 0 1 1 1 0 1 0 0 0 1 0 1 0 1 1 0 0 1 1 0 1 0 1 0 0 0 1 1 1 0 1 0 0 0 1 0 1 1 1 1 0 0 0 1 0 0 1 1 0 0 0 0 0 0 1 0 1 0 1 0 0 1 1 1 0 1 1 1 1 0 0 1 1 1 0 1 1 0 0 1 0 0 0 0 0 0 0 1 1 1 1 1 0 0 1 0 1 0 1 1 1 0 0 1 0 0 1 0 0 0 0 
0 0 0 0 0 1 0 0 1 1 1 0 0 1 1 1 0 0 1 0 1 1 0 1 0 1 1 1 1 1 0 1 0 1 1 1 0 1 1 1 1 1 1 0 1 1 0 1 0 0 0 0 0 1 0 0 1 1 0 1 0 0 0 0 1 1 1 1 1 1 0 1 0 0 0 0 0 0 1 1 1 0 0 0 0 1 1 1 1 1 0 1 0 1 0 0 1 0 1 1 1 0 0 1 1 0 0 0 1 1 1 0 1 1 0 1 1 1 1 0 0 0 0 0 0 0 1 1 1 1 1 0 1 0 1 1 1 1 0 0 1 0 0 1 0 1 0 0 0 0 1 1 0 0 1 0 0 1 0 1 
0 1 0 0 0 1 0 0 0 0 1 0 0 0 1 0 1 0 0 0 1 1 0 0 0 1 0 0 0 1 1 0 0 1 0 1 1 0 1 1 0 0 0 0 0 1 0 0 1 0 0 0 1 1 1 1 1 0 1 0 1 1 1 0 1 0 0 1 1 1 1 1 1 0 1 1 0 0 0 1 1 0 0 1 1 1 1 0 1 1 0 1 1 1 0 1 1 0 0 0 0 0 0 0 0 0 1 1 1 0 1 1 0 1 0 0 0 0 1 1 0 0 1 0 0 1 0 0 1 0 0 0 0 1 1 0 0 0 0 1 0 1 0 0 1 1 0 1 1 1 0 0 1 0 1 0 0 0 0 0 
0 1 1 0 0 0 0 0 1 0 0 1 1 0 0 0 0 1 0 0 1 1 0 1 1 0 0 0 0 0 1 1 1 1 1 0 0 1 0 0 0 1 1 0 1 1 1 0 0 1 1 0 0 0 0 1 0 1 1 0 1 0 0 0 0 0 1 1 1 0 0 0 1 0 1 1 0 0 1 0 1 0 1 1 0 1 0 1 0 1 1 0 0 1 1 0 1 0 0 1 1 1 1 1 1 0 0 0 1 1 1 0 1 1 0 1 1 0 1 1 0 0 0 0 1 0 1 0 1 1 1 0 1 1 1 0 0 1 1 0 0 0 0 1 1 0 0 1 1 0 0 0 1 1 1 1 1 1 1 1 
1 0 0 1 1 1 1 1 0 0 0 0 0 0 1 0 1 1 0 0 0 1 1 0 0 0 0 0 0 0 1 0 1 1 1 0 0 0 0 0 0 0 0 1 0 0 0 0 0 0 1 0 1 1 1 1 1 0 1 1 0 0 0 0 0 0 1 1 0 0 1 0 0 1 0 1 1 1 0 0 0 1 1 0 0 1 1 1 1 0 1 0 0 0 1 1 1 1 0 1 0 1 1 0 0 0 0 0 1 1 1 0 0 1 1 1 0 0 1 1 1 1 0 1 1 0 1 0 1 1 1 1 1 0 1 0 0 0 1 0 1 1 1 1 1 0 0 1 1 1 0 1 1 0 0 1 1 0 1 1 
0 0 0 1 0 1 0 1 1 0 0 0 1 0 0 1 0 1 1 0 1 1 1 0 1 1 1 1 1 1 1 0 0 1 0 0 0 0 0 0 0 0 0 0 1 0 0 0 0 0 1 0 1 1 1 0 1 0 0 0 1 0 1 1 1 0 0 0 1 0 1 1 1 1 1 0 1 0 1 0 0 1 1 1 1 1 1 1 1 1 0 1 1 1 0 1 1 1 0 1 0 0 0 0 1 0 0 1 0 1 1 0 0 1 1 1 0 0 0 1 1 1 0 1 1 1 0 1 1 1 0 1 0 0 1 0 1 0 1 0 0 0 0 1 1 1 0 0 0 0 0 0 0 0 1 0 0 0 1 0 
1 1 0 0 1 1 1 0 0 1 0 0 0 1 0 1 0 1 0 0 0 0 0 0 1 0 0 1 1 0 1 0 1 1 0 0 1 1 1 1 1 0 0 0 0 1 0 1 0 1 0 0 1 1 0 1 1 0 0 1 1 0 0 0 1 0 1 1 1 1 1 1 1 0 1 1 0 0 0 1 1 1 0 1 1 0 1 0 1 1 1 1 0 1 0 1 1 0 1 0 0 0 0 0 1 1 0 0 1 1 1 0 1 1 0 1 0 0 0 1 0 1 1 1 1 0 0 1 0 0 1 0 0 0 1 0 0 1 0 0 1 0 1 1 0 0 1 0 1 1 1 0 0 1 0 1 0 0 1 0 
1 0 1 1 0 1 1 0 0 1 1 1 0 0 0 0 1 1 1 1 0 1 0 1 1 1 0 0 0 0 1 0 0 0 1 1 1 1 0 1 1 1 1 1 1 1 0 1 0 1 0 0 0 0 0 0 0 1 0 1 0 0 1 0 0 1 1 0 1 1 1 1 1 0 1 1 1 1 0 1 1 1 0 1 0 1 0 1 1 1 1 0 1 1 1 0 0 0 0 0 1 0 0 1 0 0 0 0 1 0 0 0 1 0 0 0 1 1 1 0 0 0 1 1 0 0 0 0 1 0 0 0 0 0 1 1 1 0 0 1 0 1 0 1 1 0 1 0 0 1 0 0 0 1 1 1 1 1 0 1 
0 0 1 1 0 1 0 0 0 0 0 1 1 1 0 0 1 0 1 0 1 0 0 1 0 1 0 1 0 0 1 0 1 0 0 0 1 1 0 0 1 0 1 0 1 1 1 1 0 1 1 0 1 1 1 0 1 0 1 0 0 1 1 0 1 0 1 1 0 0 1 1 0 1 0 0 0 1 1 0 1 0 0 1 1 0 1 0 0 1 1 1 0 1 0 0 1 0 0 1 1 1 0 1 1 0 1 0 1 1 0 0 1 0 0 1 1 1 0 0 1 0 1 0 1 1 0 1 1 1 0 0 1 0 1 1 1 0 0 0 1 0 0 0 1 1 1 0 0 0 0 0 1 0 0 1 1 0 0 0 
1 1 0 0 0 1 1 0 0 1 1 0 1 1 1 0 0 1 1 0 1 0 0 0 1 1 0 0 0 0 0 1 1 1 0 1 0 0 0 0 0 0 0 1 1 1 1 0 0 1 0 0 1 0 0 0 0 1 0 1 0 1 1 1 1 1 0 1 1 1 0 1 1 1 0 0 1 0 1 1 0 1 0 1 1 0 1 1 1 1 0 1 0 1 1 0 1 1 1 0 0 0 0 1 0 0 0 1 0 1 0 1 1 1 0 0 1 1 1 0 1 1 1 0 1 1 0 1 0 0 1 0 0 0 1 1 0 1 1 0 1 1 0 0 1 0 1 0 0 0 0 0 0 1 1 0 1 0 1 1 
1 0 0 1 0 1 1 1 1 1 1 1 0 1 0 0 0 0 0 1 1 1 1 1 0 0 1 0 1 0 1 1 0 1 1 0 0 1 0 1 0 1 0 1 0 1 0 0 0 0 1 1 0 1 0 1 1 1 1 1 0 1 0 0 1 1 0 1 0 0 0 1 0 0 0 1 1 0 1 0 0 1 0 1 1 0 0 0 0 1 0 1 1 0 1 1 1 1 0 1 0 0 0 0 0 0 1 0 1 1 1 0 1 0 0 1 0 0 0 1 1 0 1 1 1 1 1 0 1 0 0 0 1 1 1 0 1 0 0 0 0 0 0 1 0 1 1 0 0 1 1 0 0 1 0 1 0 0 0 1 
1 0 0 0 1 0 0 0 1 1 0 0 1 1 0 1 0 0 1 0 0 0 0 0 0 1 1 0 1 0 1 0 0 1 0 0 1 1 0 0 1 0 0 1 0 1 1 1 0 0 0 1 1 0 1 1 0 0 0 1 0 0 0 1 1 1 0 1 0 1 0 0 1 0 0 0 0 1 1 0 0 1 1 1 1 0 1 0 1 0 0 1 1 1 1 0 1 0 0 0 0 1 0 0 1 0 1 0 1 0 1 1 1 0 1 1 1 1 1 0 0 0 0 0 1 0 1 1 1 0 1 0 0 1 0 0 0 1 0 0 0 0 1 1 1 0 0 1 0 1 1 1 1 0 1 0 1 0 1 0 
1 1 0 1 0 1 1 0 0 0 0 0 1 1 1 1 0 0 0 0 1 1 1 0 0 0 0 0 1 0 1 1 1 1 1 1 0 0 1 1 1 1 0 0 1 0 0 1 0 0 1 0 0 0 1 0 0 1 0 1 1 0 0 1 1 1 1 1 1 1 0 1 0 1 0 0 1 0 1 0 1 0 0 0 0 1 0 1 0 0 0 1 1 0 1 1 1 1 1 1 1 1 0 1 1 1 0 1 1 1 0 0 1 1 0 1 0 1 1 0 0 1 1 1 1 0 0 0 1 1 0 0 1 0 0 0 0 1 1 1 1 0 0 0 0 1 1 1 1 1 1 1 0 0 0 1 1 1 0 1 
0 1 1 1 1 1 1 0 0 1 1 1 0 1 1 0 0 0 1 0 0 0 0 1 1 0 1 1 1 0 1 0 0 0 1 1 1 1 1 1 0 1 0 0 0 1 0 0 0 1 0 0 1 1 0 0 0 0 1 1 0 1 0 0 1 0 0 1 0 0 0 1 0 0 1 1 1 1 1 0 0 1 1 0 1 1 1 0 1 0 1 0 1 0 0 0 1 0 0 1 1 0 1 0 1 0 0 1 0 0 0 0 0 0 1 0 1 1 1 1 0 1 0 0 1 1 1 0 1 0 0 1 1 0 0 1 1 1 0 1 0 0 1 1 1 0 1 1 1 1 0 1 0 0 0 1 0 0 0 1 
1 1 0 0 1 1 0 1 1 0 0 0 0 0 1 0 0 0 0 0 0 0 1 1 0 1 0 0 0 0 1 1 0 1 0 0 1 1 0 0 1 0 0 0 1 0 1 1 1 0 1 0 0 0 1 1 0 1 0 0 1 1 1 0 0 1 1 1 1 1 1 0 0 0 1 0 1 1 1 0 0 0 1 0 1 1 0 0 0 1 1 0 0 1 1 1 1 0 0 1 1 0 1 0 1 0 0 1 1 0 0 0 0 0 1 0 1 0 1 0 0 1 1 0 0 1 1 1 0 0 0 1 1 1 1 1 0 1 1 1 0 0 1 1 0 0 1 0 0 0 0 0 1 0 0 0 1 0 0 0 
0 1 1 0 1 0 0 0 1 1 0 0 0 1 0 1 0 1 0 0 1 0 1 1 1 0 1 0 1 0 1 1 0 0 1 0 0 0 1 1 0 0 0 0 0 0 1 0 0 1 0 1 0 0 1 1 1 1 0 0 0 0 1 1 0 0 1 1 0 1 1 0 0 1 1 0 1 1 1 0 0 1 0 1 0 0 1 0 0 0 0 0 1 0 1 0 1 0 0 1 1 0 1 1 1 0 1 1 1 1 0 1 1 1 1 0 0 0 1 0 0 1 1 1 1 0 0 1 0 0 1 1 1 0 1 0 0 1 0 0 1 0 1 1 1 0 1 0 0 0 1 0 0 1 0 1 1 1 1 0 
1 1 0 0 1 1 1 0 1 1 1 1 1 1 0 0 0 1 0 0 1 0 0 0 1 0 1 0 1 1 0 0 0 1 1 0 0 1 0 1 1 0 0 1 0 1 0 1 1 1 1 1 0 1 1 0 0 0 1 0 0 1 0 0 1 0 1 1 0 1 1 1 0 1 1 1 0 0 0 1 0 1 1 0 0 1 1 0 0 0 0 1 1 1 0 0 0 0 1 1 0 0 1 0 0 1 0 0 0 1 0 1 1 0 0 1 0 1 1 0 0 1 1 1 0 0 1 0 0 0 0 0 1 1 0 1 0 1 1 0 0 0 0 1 1 0 1 0 1 0 1 0 0 0 1 0 1 1 0 0 
0 0 1 0 0 0 1 1 1 0 0 1 0 0 1 1 1 1 0 0 1 1 0 0 0 1 0 1 0 1 1 1 1 1 1 1 0 1 0 0 0 1 0 0 0 0 1 1 1 0 1 0 1 0 0 1 0 0 0 0 0 0 1 1 0 1 0 1 0 1 1 1 1 1 0 0 1 0 0 0 1 0 0 0 0 0 1 1 1 1 0 0 0 0 0 1 1 1 0 0 1 0 1 0 1 1 0 1 1 0 1 1 1 0 1 1 0 0 0 0 1 1 0 0 0 0 0 0 1 1 0 1 1 1 1 0 0 1 0 1 1 1 1 0 0 1 1 1 0 0 1 0 0 1 0 0 1 1 1 1 
0 1 1 0 0 1 0 0 1 0 0 1 0 1 1 1 1 0 0 1 1 1 1 1 0 1 0 0 1 0 1 0 0 0 1 0 0 1 1 1 0 1 1 1 1 0 1 0 1 0 1 1 1 0 0 1 1 0 1 1 1 1 1 1 0 0 0 1 1 1 1 1 1 1 1 1 0 1 0 0 0 1 1 0 0 0 1 1 0 0 0 1 0 0 0 1 0 0 0 1 1 0 1 1 0 1 1 0 1 0 1 0 1 1 0 1 1 1 0 0 1 0 0 0 1 1 0 1 1 1 0 0 0 0 0 0 1 0 0 1 1 0 1 0 1 1 1 1 1 0 1 0 0 0 0 0 0 0 0 0 
1 1 1 0 1 0 0 1 0 1 0 0 1 0 0 0 0 0 0 1 1 1 0 0 1 0 0 0 1 0 0 0 1 1 1 0 0 1 1 1 1 0 0 1 0 1 1 0 1 1 1 1 0 0 0 1 0 1 1 0 0 1 0 1 1 0 0 0 0 1 0 0 0 0 0 1 0 1 0 1 0 0 0 1 0 1 1 1 1 0 1 0 1 0 1 1 1 0 1 0 1 1 1 1 1 0 1 1 0 0 0 0 0 1 0 1 0 1 1 1 1 1 1 1 1 0 0 1 1 1 1 1 1 1 1 1 0 1 1 0 1 1 0 1 0 0 0 1 0 0 0 1 0 1 1 0 0 0 0 1 
1 1 1 1 0 0 1 1 0 0 1 0 1 1 1 0 1 0 0 0 1 1 0 1 0 1 0 1 1 1 0 1 0 1 1 1 1 0 1 1 0 1 0 0 1 0 1 0 1 0 0 0 1 1 1 0 1 1 1 0 1 1 1 0 0 0 0 1 1 1 1 1 0 0 1 1 0 1 1 0 1 1 1 1 1 1 1 1 0 1 1 0 0 1 0 1 1 1 0 0 0 1 1 1 1 1 0 1 1 0 0 0 0 0 1 1 1 1 1 1 0 1 1 1 1 1 1 1 1 1 1 1 1 0 0 0 0 0 0 1 1 1 0 1 0 0 1 0 0 1 1 0 1 0 0 1 0 1 1 0 
0 0 0 1 0 1 0 1 0 1 0 1 1 1 1 0 0 1 1 1 1 1 0 0 0 1 1 0 0 1 0 1 1 0 0 1 0 1 1 1 0 0 1 1 0 1 1 0 1 0 1 0 0 1 1 1 0 0 0 1 0 1 0 1 0 1 0 1 1 0 1 0 0 0 0 1 1 0 1 1 1 0 0 0 1 0 1 0 0 0 0 1 0 0 0 1 0 1 0 1 0 0 1 1 1 1 1 1 1 1 1 1 0 0 1 0 0 0 0 1 1 1 1 1 0 0 0 1 1 0 0 1 1 1 1 0 0 1 1 1 1 1 1 0 0 1 0 0 1 1 1 0 0 0 1 0 1 0 1 0 
0 1 1 1 0 1 0 0 0 0 0 1 0 1 1 1 0 0 1 1 0 1 0 1 0 0 1 0 0 0 1 0 0 1 1 1 0 0 0 1 0 0 1 1 0 0 1 1 1 0 1 0 0 0 0 1 1 1 0 0 0 0 1 0 0 0 1 1 0 1 0 0 1 0 0 0 0 1 1 0 0 0 1 0 0 1 1 0 1 0 0 0 1 0 1 1 0 1 0 1 1 0 1 0 0 0 1 1 1 0 1 0 1 0 0 0 1 1 0 0 1 0 0 1 0 1 0 0 1 1 1 1 1 1 1 0 1 0 1 1 1 1 1 0 1 1 1 0 0 1 1 1 0 0 0 0 0 1 1 0 
1 0 0 0 1 1 0 1 0 1 0 0 1 0 1 1 1 0 1 0 1 0 0 1 1 1 1 1 1 0 0 0 0 0 1 0 1 1 1 1 0 0 0 1 0 1 0 1 1 0 0 1 1 1 0 1 1 1 0 1 1 1 0 0 1 1 1 0 0 0 0 1 1 1 0 1 1 1 0 1 0 1 0 0 0 0 1 0 1 0 0 1 1 0 1 1 1 1 0 1 1 0 1 1 1 0 1 0 1 0 0 1 1 0 0 1 1 1 1 0 1 0 1 1 0 0 1 0 1 1 1 1 0 1 0 1 0 1 0 1 0 0 1 1 0 1 0 1 1 1 1 1 0 0 1 1 1 1 1 0 
0 0 1 1 1 1 0 0 1 0 1 1 1 0 1 0 1 0 0 1 0 1 0 0 1 1 0 0 1 1 0 0 1 0 1 0 0 1 0 1 1 1 1 0 1 1 0 0 1 0 1 0 0 1 1 0 1 1 1 1 1 0 1 0 0 0 0 1 0 1 1 0 1 0 1 0 0 0 0 1 0 1 1 0 1 0 0 1 1 0 0 0 1 0 1 0 0 0 0 0 1 1 1 0 1 0 1 0 0 0 0 1 1 1 0 1 1 0 0 1 1 1 0 1 1 1 1 1 1 1 0 1 1 0 0 0 1 1 0 1 0 0 1 0 0 1 0 1 0 1 1 1 0 1 0 1 1 0 0 1 
1 1 0 0 0 0 0 0 0 0 0 0 1 0 0 1 0 0 0 0 1 1 0 1 1 0 1 1 1 0 0 0 0 0 0 0 0 1 1 1 0 1 1 1 0 0 0 1 1 1 0 1 0 1 0 1 0 0 0 0 0 1 1 0 1 1 1 0 1 0 0 1 0 1 0 0 0 1 0 1 0 0 1 1 0 1 1 1 0 0 1 1 1 0 1 1 0 0 1 1 1 1 0 1 0 0 0 0 0 1 0 1 1 0 0 0 1 0 1 1 0 1 1 1 0 1 0 0 0 1 1 1 0 1 0 0 0 0 0 0 0 1 1 0 0 1 1 0 1 0 0 0 1 0 1 0 1 1 1 1 
0 1 0 1 0 1 0 1 0 1 0 1 1 1 1 1 1 1 1 1 1 0 1 1 0 1 0 1 1 1 0 1 0 1 1 1 1 0 1 0 0 1 0 1 1 0 1 0 0 1 1 1 1 0 1 1 1 1 0 1 0 0 1 0 1 0 1 1 0 0 0 1 1 1 1 1 1 0 1 0 0 0 0 1 0 0 1 0 1 0 0 1 0 0 1 1 1 0 1 0 1 0 1 1 0 0 1 1 1 0 1 0 0 0 0 0 0 0 0 1 0 1 0 0 1 1 1 1 0 0 1 0 1 1 0 0 1 0 1 1 0 0 1 1 0 1 0 0 0 0 0 1 1 1 1 1 1 0 0 1 
0 1 0 0 0 1 0 0 1 1 0 1 0 0 0 0 1 0 1 1 0 0 1 1 0 1 0 1 0 0 0 0 0 0 1 0 0 1 0 0 1 1 1 1 1 0 1 0 1 1 1 0 0 1 0 1 1 0 0 1 1 1 0 1 0 0 0 0 0 0 0 0 1 1 0 0 0 0 0 1 1 1 1 1 1 0 1 0 1 0 1 0 0 0 0 1 1 0 0 1 1 0 0 0 0 1 1 1 0 0 0 1 0 0 1 1 1 1 0 0 1 1 0 0 0 0 0 0 1 1 1 0 1 0 0 1 0 1 0 0 1 0 0 0 1 0 1 0 0 1 1 1 0 0 1 0 0 1 1 1 
1 1 1 1 1 0 0 0 0 1 1 0 0 1 1 0 1 1 0 0 1 1 0 1 0 1 1 0 0 0 0 1 0 1 0 0 1 1 1 1 1 1 1 1 0 0 0 0 1 0 1 1 0 1 1 0 0 1 1 0 1 1 1 0 1 0 1 1 0 1 0 0 0 0 1 1 1 1 0 1 0 0 1 0 1 1 1 0 1 0 0 0 0 1 0 0 1 1 0 1 1 0 0 0 0 1 1 1 1 1 0 0 0 0 0 1 1 0 1 0 0 1 1 1 0 1 0 1 1 0 1 1 0 1 0 1 1 1 1 0 0 0 1 1 1 0 0 1 1 1 0 1 1 0 1 1 0 1 1 1 
1 0 1 1 1 1 1 0 0 0 1 1 0 0 1 1 0 1 0 1 0 0 0 0 0 1 1 1 1 1 1 1 0 0 1 0 0 1 0 1 0 1 1 1 0 1 1 0 1 0 0 1 1 0 1 0 0 0 0 1 1 0 0 0 1 1 0 0 1 0 1 1 1 1 0 1 0 0 0 1 1 0 0 1 0 0 0 0 1 0 1 1 1 0 1 0 1 1 1 1 0 0 1 1 0 0 1 0 1 0 1 0 0 1 1 0 0 1 1 0 1 0 1 0 0 1 1 1 0 0 1 0 0 1 0 1 0 0 0 1 0 1 0 0 1 1 0 0 1 1 1 1 0 0 0 0 1 1 0 0 
1 0 0 1 0 1 0 1 1 1 1 1 1 1 0 1 1 1 0 0 1 0 0 1 1 0 0 1 0 1 1 0 0 0 1 0 0 0 0 1 0 1 0 1 0 1 0 1 0 1 1 1 0 1 1 1 1 0 0 0 0 1 0 0 1 1 1 0 0 1 0 1 1 1 0 1 1 1 1 1 1 1 1 1 1 0 1 1 0 1 1 1 0 0 1 0 1 1 0 1 1 0 1 1 0 0 1 1 1 0 0 1 1 0 1 0 1 0 1 1 0 0 1 0 1 1 0 0 0 1 1 0 0 0 0 0 1 0 0 0 1 1 0 0 1 1 0 0 1 0 0 1 1 1 0 0 1 0 1 0 
0 1 1 1 1 0 0 0 1 0 1 0 0 1 1 0 0 1 1 1 1 1 1 1 0 0 0 1 0 1 1 0 0 0 1 1 0 0 1 0 1 0 0 0 0 0 0 1 1 1 1 0 0 1 1 1 0 1 1 1 1 0 0 0 0 1 0 1 0 0 0 0 1 0 0 1 0 0 1 1 0 1 1 1 1 0 1 0 0 1 1 0 0 0 1 1 1 1 0 1 0 1 1 1 0 1 1 1 1 0 0 0 0 0 0 0 0 1 1 0 1 0 0 1 0 0 1 1 1 0 0 1 1 1 1 1 1 1 1 0 1 0 0 0 0 1 1 0 0 0 0 0 1 0 1 0 1 1 0 1 
1 1 1 1 0 0 1 1 1 1 0 1 0 1 0 1 0 1 0 0 1 0 1 1 1 0 1 1 0 1 0 1 0 0 1 0 0 1 0 1 1 0 1 0 1 0 0 1 0 0 0 0 1 0 0 1 0 1 1 1 0 0 0 1 1 1 0 1 0 1 1 0 1 0 1 0 1 1 1 1 0 0 0 0 1 1 0 1 0 1 0 1 1 1 1 1 0 1 0 0 0 0 0 1 0 0 1 0 0 1 1 0 0 0 1 0 1 1 0 0 0 0 0 0 0 1 0 0 0 1 1 1 0 1 0 1 1 1 1 1 0 0 1 1 0 1 0 1 1 1 1 0 1 1 0 0 0 0 0 0 
1 0 1 0 0 1 1 1 0 0 1 0 0 0 0 0 1 1 0 1 0 1 0 0 1 0 0 0 0 0 0 1 0 0 0 0 0 1 1 0 0 0 1 0 1 1 1 0 0 0 0 1 0 1 0 1 0 1 0 1 0 1 1 0 1 0 1 0 1 1 0 0 1 0 0 1 0 0 0 0 0 1 1 0 0 1 1 0 0 0 1 1 1 0 0 1 1 1 0 1 1 0 0 0 0 0 0 0 1 0 0 0 1 0 0 0 0 1 0 1 0 0 0 0 0 0 1 1 0 1 1 1 1 0 1 1 0 0 1 0 0 1 0 1 0 1 1 0 0 0 1 1 0 0 1 0 1 0 1 1 
0 1 0 1 1 1 1 0 1 0 0 0 1 1 0 0 0 0 1 1 1 1 0 1 1 0 0 0 1 0 1 0 0 1 1 0 0 1 1 0 0 0 1 0 0 1 0 0 1 0 1 0 1 0 1 0 0 0 1 1 1 0 1 0 1 0 1 0 1 0 1 0 0 1 1 0 0 0 1 0 1 0 1 1 0 0 0 0 1 1 0 1 1 0 0 1 1 0 0 1 0 1 0 0 1 0 1 0 1 0 0 1 1 1 0 1 0 0 0 1 0 0 1 0 0 1 0 0 0 1 1 1 0 0 1 1 0 0 1 1 1 1 1 1 1 1 1 0 1 1 1 1 0 1 1 0 1 0 0 0 
0 0 1 0 0 1 1 0 0 1 0 1 1 1 1 0 0 1 1 1 0 0 1 0 0 0 1 0 0 0 1 0 0 1 0 0 0 0 0 1 1 0 0 0 1 0 1 1 0 1 1 0 0 0 1 1 0 1 0 1 0 0 0 0 1 0 1 1 0 0 1 1 0 1 0 1 1 1 1 0 0 0 0 0 1 0 0 1 1 0 0 1 0 0 0 1 1 0 0 0 0 1 1 1 1 1 1 1 0 1 0 1 1 1 0 0 0 1 1 1 0 0 1 1 0 1 0 1 0 0 1 1 0 0 0 0 0 1 0 1 1 0 1 0 1 0 0 1 1 1 1 0 0 0 0 1 1 1 1 0 
1 1 1 0 0 1 0 1 1 1 0 0 1 0 0 0 1 0 1 1 1 1 0 1 1 0 1 0 1 0 0 1 0 1 0 1 0 0 1 1 0 0 0 1 1 0 1 1 1 0 0 0 0 0 1 1 1 0 0 0 1 0 0 1 1 1 1 1 1 0 1 0 0 0 1 1 0 0 0 1 1 1 1 1 0 1 0 1 0 0 0 0 1 1 0 0 1 1 1 1 1 0 1 0 0 0 1 1 0 0 0 1 0 1 1 1 0 0 1 1 0 0 0 1 0 0 0 0 0 0 0 0 0 1 1 0 0 0 1 1 0 0 1 1 0 0 1 0 0 0 0 0 0 1 1 0 0 1 1 0 
1 0 0 0 1 1 0 0 1 1 1 1 0 1 0 0 1 0 0 1 1 1 1 1 0 1 1 1 1 1 0 1 1 0 0 1 1 0 1 0 1 0 0 0 1 0 1 0 1 0 0 0 0 1 0 1 0 1 1 0 0 1 1 1 1 1 1 1 0 1 0 1 1 1 1 0 1 1 0 1 1 1 1 1 0 1 0 0 0 0 1 1 0 0 1 0 0 0 0 1 0 0 0 0 1 0 0 0 0 0 0 1 1 1 1 1 1 0 0 1 0 0 1 0 0 1 1 0 0 0 0 1 1 0 0 1 0 0 1 1 0 0 1 0 0 1 1 0 1 1 0 1 0 1 0 1 0 1 0 1 
0 1 0 1 0 1 0 0 1 0 0 0 0 1 1 0 1 0 0 0 1 1 1 1 1 0 1 0 1 0 0 1 0 1 0 1 1 1 0 1 0 0 1 0 0 1 1 1 0 0 0 0 1 0 0 0 0 0 0 1 1 0 0 1 1 0 1 0 1 1 1 1 1 1 0 0 1 0 1 0 0 1 0 0 1 1 1 1 1 0 0 0 0 1 0 0 1 1 0 0 0 1 1 0 0 0 1 1 1 1 0 1 0 1 1 0 0 0 1 1 0 0 1 0 1 0 0 1 0 1 0 0 0 1 0 0 1 0 1 0 1 1 0 1 1 0 0 1 0 1 0 1 0 1 0 1 0 1 0 0 
0 0 1 1 0 0 1 1 0 0 1 1 1 1 1 1 0 0 1 1 0 1 1 0 1 1 0 0 0 1 1 0 0 1 0 1 1 1 1 1 1 0 0 1 0 0 0 0 1 0 0 0 0 0 1 0 0 0 0 1 1 1 1 1 1 0 1 1 0 1 1 1 0 0 0 1 1 1 0 1 1 0 1 1 0 1 1 1 0 1 1 1 0 1 1 0 1 1 1 1 0 0 0 0 0 0 0 0 1 0 0 0 1 0 0 0 0 1 1 1 0 0 1 0 1 1 1 0 1 1 1 1 0 1 0 0 1 1 0 1 1 0 1 1 1 0 1 0 1 1 1 1 1 1 0 1 1 0 0 1 
0 1 1 1 0 1 1 0 0 1 1 0 0 1 0 0 0 0 1 1 0 1 0 1 1 0 1 1 0 1 0 1 0 0 1 0 0 0 0 1 1 0 1 1 1 0 0 1 1 0 0 0 0 1 0 0 0 0 1 0 1 0 0 0 1 1 1 1 1 1 1 0 1 0 1 1 0 1 1 1 1 0 0 0 1 1 0 1 0 1 0 1 0 1 0 0 0 0 1 1 0 1 1 1 0 1 1 0 0 1 1 1 0 1 0 1 0 1 1 1 0 1 0 0 1 1 1 0 0 1 0 1 1 0 0 0 0 1 1 0 0 1 0 1 1 1 0 1 1 0 1 1 0 1 1 1 1 0 1 0 
0 0 1 1 1 0 0 1 1 1 1 0 1 0 1 0 1 0 0 1 1 0 1 1 1 1 0 1 0 0 1 0 0 0 1 1 1 0 1 0 1 0 1 1 0 0 1 0 0 0 1 0 0 0 1 1 1 1 1 0 1 0 0 1 0 1 1 0 1 0 1 1 0 0 1 1 0 1 0 0 0 1 1 0 1 1 0 0 0 0 1 0 0 1 0 1 1 1 0 0 1 0 0 0 0 1 0 1 1 0 0 1 1 1 1 0 0 0 1 0 0 1 0 0 0 1 1 1 1 0 1 1 0 0 0 0 0 0 1 1 1 0 1 0 1 0 0 0 0 1 1 1 0 0 1 0 0 1 1 1 
0 0 1 1 1 0 0 0 0 0 0 0 1 1 0 1 1 0 0 1 0 1 1 1 0 0 1 1 0 0 1 0 1 0 1 0 0 0 0 1 0 0 0 1 0 1 0 0 0 0 1 0 1 0 1 0 1 1 0 0 0 1 1 0 1 0 1 1 1 1 0 1 1 0 0 0 1 1 1 0 1 0 1 1 1 1 1 1 1 0 1 1 1 1 1 1 0 1 0 0 1 1 1 1 0 0 1 1 1 0 0 1 0 1 1 0 1 0 1 0 0 1 0 0 1 0 0 0 0 0 1 1 0 0 1 1 1 1 0 0 1 0 0 0 0 0 1 1 1 1 1 1 0 1 0 1 0 1 1 1 
1 0 0 1 0 1 0 1 0 1 1 0 0 0 0 0 0 1 0 1 1 1 0 0 1 0 0 0 0 0 0 0 1 1 0 1 0 0 0 1 0 0 1 1 0 1 1 0 1 0 1 0 0 0 0 0 1 0 1 1 1 1 0 0 1 1 1 1 1 1 0 1 1 1 0 0 1 0 1 1 1 1 0 0 1 0 0 0 0 0 1 0 1 0 1 0 1 0 1 1 0 0 0 0 0 1 1 1 0 1 1 1 1 0 1 1 1 1 1 0 0 0 0 0 0 1 0 0 1 0 1 1 0 0 1 0 1 0 0 0 1 0 0 1 0 0 1 1 1 1 0 1 0 1 1 0 0 1 1 1 
1 0 1 0 0 0 0 1 0 1 1 1 1 1 0 1 0 1 0 0 0 0 0 0 0 1 0 1 0 0 1 0 0 1 1 0 1 1 0 1 0 1 0 1 1 0 1 1 1 1 0 0 0 0 0 0 1 1 1 1 0 0 1 0 1 1 0 0 1 0 1 1 1 0 0 0 0 1 0 0 0 0 0 1 0 1 1 0 0 1 0 0 0 0 1 0 0 0 1 1 1 1 1 0 0 1 0 0 0 0 1 0 1 0 1 0 0 1 0 0 1 0 1 0 0 0 0 0 1 1 0 1 1 0 1 1 1 0 1 0 0 0 0 1 0 1 1 0 0 0 0 1 1 1 0 1 1 0 1 1 
1 1 1 0 0 0 0 1 1 1 0 1 0 1 0 1 0 1 0 0 0 1 0 0 1 1 1 0 0 1 1 1 1 0 0 1 0 1 1 1 1 1 1 0 1 0 1 1 0 0 1 0 1 0 0 0 1 0 0 0 1 1 0 1 1 0 1 0 1 1 0 1 1 0 1 0 1 1 1 1 0 1 1 0 1 1 1 1 1 0 0 0 1 1 0 0 1 1 0 0 1 0 0 1 1 1 1 0 1 1 0 0 0 0 1 1 0 0 1 0 1 1 0 1 0 1 1 0 1 0 1 1 0 0 0 1 1 0 0 1 1 0 0 1 1 0 0 0 0 0 1 1 0 1 1 1 0 0 0 0 
0 0 0 1 1 0 1 1 0 1 1 1 1 0 1 1 1 0 0 1 1 0 0 0 0 1 0 1 0 0 1 1 1 1 0 1 0 1 1 0 1 0 1 1 0 1 0 1 0 0 0 1 0 1 1 0 1 1 0 1 0 1 0 0 1 1 1 0 0 1 1 0 1 1 1 0 0 1 1 1 1 1 1 1 1 0 1 0 1 0 1 1 0 0 0 1 1 0 0 0 0 0 1 1 1 1 1 0 1 0 0 1 1 0 1 1 0 1 0 1 0 0 1 1 1 1 0 1 1 0 0 1 1 0 1 0 0 1 1 1 0 0 0 0 1 0 1 0 1 0 0 1 0 1 1 0 0 1 1 0 
1 1 1 1 1 1 1 0 0 1 1 1 0 0 1 1 1 0 1 1 0 1 0 1 0 0 0 1 1 1 1 1 1 0 1 0 1 0 0 0 0 0 0 1 0 1 1 1 0 0 0 0 1 0 0 1 0 0 0 1 0 1 1 1 0 0 1 1 1 1 1 0 0 0 0 1 1 0 0 1 1 0 0 0 1 1 1 0 1 1 1 1 0 1 1 0 1 0 0 0 1 0 0 1 1 0 1 0 1 1 0 0 0 1 0 1 0 0 0 0 0 1 0 1 0 1 1 1 0 1 1 1 0 0 1 1 1 1 0 0 0 1 0 0 0 0 0 1 0 0 0 0 1 1 0 0 0 1 1 0 
0 1 0 0 1 0 0 0 1 0 1 0 1 1 1 0 0 1 1 0 0 0 1 0 0 1 1 1 1 0 1 0 1 0 1 1 0 0 1 1 1 0 0 1 1 0 1 0 0 1 1 0 1 1 0 1 1 0 0 0 0 0 1 0 0 1 1 0 1 0 1 0 0 0 0 1 0 0 0 1 0 0 1 0 1 0 1 0 1 0 1 0 0 1 0 0 1 0 0 0 0 0 1 0 1 1 0 1 0 1 1 1 1 1 1 0 0 0 0 1 1 1 1 1 0 0 1 1 0 0 1 1 0 1 0 0 1 0 0 1 1 0 0 0 0 1 1 1 1 1 1 0 0 1 1 1 0 0 0 0 
1 1 0 1 0 0 0 0 0 0 1 0 0 1 0 0 0 1 0 1 1 1 0 0 0 0 0 0 1 1 1 1 1 1 0 0 1 0 0 0 1 0 1 1 1 1 0 0 1 1 0 0 0 1 1 0 0 0 0 1 1 1 1 1 0 0 0 1 1 1 0 1 1 1 0 1 0 0 1 1 1 1 0 1 1 0 0 0 1 0 1 1 0 1 0 1 0 1 1 0 1 0 0 1 1 1 0 0 0 1 1 1 1 1 1 1 1 1 1 1 1 0 1 1 0 1 0 1 1 1 1 0 1 1 0 0 1 1 1 1 1 1 1 0 0 1 0 0 1 0 1 0 1 1 0 0 0 0 1 1 
1 1 0 1 0 1 1 0 1 0 1 1 1 1 1 0 0 0 0 1 0 0 0 1 0 0 0 0 1 0 1 1 1 1 0 0 0 0 0 0 1 1 0 1 0 0 1 1 1 1 1 1 0 0 0 1 0 1 1 1 0 1 1 0 1 1 1 0 1 0 0 0 0 0 1 0 1 1 0 1 1 0 1 1 1 1 1 0 0 0 1 1 0 0 0 0 1 0 1 1 0 1 1 1 1 1 0 0 1 1 0 0 1 0 1 1 1 1 0 0 1 0 1 1 1 0 1 1 1 1 1 1 1 0 0 0 1 1 0 1 1 1 0 1 1 0 1 0 1 0 0 1 1 1 1 1 1 0 0 0 
1 0 1 0 1 0 0 1 0 0 1 0 0 0 0 1 0 1 1 1 1 0 1 1 1 0 0 1 0 1 0 0 1 0 0 0 0 0 0 0 1 0 0 1 1 0 0 0 0 1 0 0 1 1 1 1 0 0 1 0 1 0 1 0 0 0 0 0 0 1 0 1 1 0 0 0 1 0 1 1 1 1 0 1 0 0 1 1 0 0 1 0 0 1 0 1 0 0 1 1 0 1 0 1 0 1 0 0 1 1 1 0 1 0 0 1 1 0 0 0 1 0 1 0 0 1 0 0 0 1 0 1 1 0 0 1 0 1 1 1 0 0 1 0 0 1 0 0 0 0 0 0 1 1 1 0 1 0 1 1 
0 1 1 0 1 0 1 1 1 1 0 0 1 0 0 0 1 0 1 0 0 0 0 0 0 0 0 0 1 0 1 1 0 0 0 0 0 1 1 0 0 1 1 1 1 1 1 0 1 1 0 1 0 1 0 1 1 1 0 1 1 1 0 1 0 0 0 1 1 0 0 0 0 1 0 0 0 1 1 0 1 0 0 0 1 1 1 0 1 1 1 1 0 0 0 0 0 0 1 0 0 0 1 1 0 1 1 1 1 0 1 1 1 1 0 0 1 0 0 1 0 0 0 0 0 1 0 1 1 1 0 1 0 1 0 1 0 1 1 0 0 1 1 1 0 1 1 0 1 0 0 1 0 0 0 0 1 1 1 0 
1 0 0 1 1 0 0 0 1 0 1 1 0 1 0 1 1 1 0 0 0 1 1 1 1 1 1 1 0 0 1 0 1 1 0 0 1 1 0 1 1 1 1 1 1 0 1 1 1 0 0 0 0 0 0 0 0 0 0 0 1 0 1 1 0 1 1 0 0 1 1 1 1 0 0 1 0 1 1 0 1 1 1 1 0 0 1 1 1 0 1 0 1 1 1 1 0 1 0 1 1 0 1 1 0 0 0 0 1 0 1 0 1 0 1 1 1 1 1 0 0 0 1 0 0 1 0 0 1 0 0 0 0 1 0 0 1 1 1 0 1 1 0 0 1 0 0 1 1 1 1 1 1 1 1 1 1 0 1 0 
1 0 0 1 0 0 0 0 0 0 0 1 1 0 0 1 0 1 0 1 0 1 1 0 0 0 1 0 1 1 0 1 0 1 1 0 0 0 0 1 1 1 0 1 0 1 0 1 1 0 1 0 1 0 1 0 0 1 1 1 0 0 1 0 0 0 1 1 0 0 1 0 1 1 1 1 0 1 1 1 0 0 1 0 0 0 1 1 1 0 1 0 1 0 0 0 1 1 0 1 0 0 0 0 1 1 0 0 0 1 1 1 1 0 0 0 1 0 1 0 0 1 1 1 0 0 0 0 1 0 1 1 0 0 0 1 0 1 1 0 0 1 0 1 1 0 0 0 0 1 1 0 1 0 0 1 0 1 1 1 
1 1 0 1 1 1 1 0 0 1 0 1 1 1 0 1 0 0 1 1 1 1 0 1 1 1 0 0 0 1 1 0 0 1 1 1 1 1 1 1 1 1 1 1 0 0 0 1 1 1 0 1 1 1 0 1 1 1 0 0 1 0 0 1 1 1 1 0 1 0 0 1 0 1 1 0 1 0 1 1 0 1 0 1 1 0 0 0 0 1 1 0 1 0 0 0 1 1 0 0 0 0 0 1 0 0 1 1 1 0 0 0 0 1 1 0 0 1 0 1 1 0 1 1 1 0 1 0 1 0 0 1 1 1 1 0 0 0 1 1 1 1 1 0 0 1 1 0 0 1 0 0 1 0 1 0 1 0 0 1 
1 0 0 0 1 0 1 0 0 1 0 1 1 1 0 0 1 1 0 0 1 0 0 1 0 1 0 0 1 1 1 1 1 0 1 0 1 0 1 1 0 1 0 1 0 1 0 1 0 0 0 1 0 0 0 0 0 1 0 0 0 1 0 0 0 1 0 1 0 1 1 0 1 0 0 0 1 1 0 0 1 0 1 0 1 1 1 1 0 1 0 1 0 1 0 1 1 1 1 0 1 1 0 0 0 1 0 1 1 1 0 0 1 1 0 1 0 0 0 1 0 0 1 1 0 0 1 0 1 0 0 0 0 1 0 1 0 1 0 1 0 1 0 1 0 0 1 1 1 0 0 1 0 1 1 1 1 1 1 0 
0 0 0 1 0 0 0 0 0 1 0 1 0 1 1 0 0 0 1 1 0 1 0 0 0 1 1 1 0 0 1 1 1 0 1 0 1 1 1 0 0 0 1 0 0 1 0 1 1 0 1 0 0 1 0 0 1 0 0 0 0 1 0 0 0 1 1 0 1 0 0 0 1 1 1 1 0 1 0 0 0 0 1 1 0 0 0 0 0 1 0 0 0 1 1 1 0 0 1 0 1 0 0 0 1 0 0 0 1 1 1 0 1 1 1 0 1 0 1 1 0 1 1 0 1 0 0 0 0 0 0 0 1 1 1 0 0 0 1 0 0 1 1 0 0 0 0 0 1 1 1 1 1 1 1 0 0 0 0 1 
0 0 0 0 0 1 0 1 0 1 0 1 0 1 0 0 1 0 0 0 1 0 0 1 1 1 1 1 1 0 0 0 0 1 0 1 0 0 0 1 1 0 0 1 1 1 0 1 1 0 0 1 0 1 1 1 0 1 1 0 1 1 0 0 0 0 0 1 0 0 1 0 1 0 1 1 0 0 1 1 0 1 1 0 0 0 1 1 1 0 0 1 1 1 0 0 0 0 1 0 1 0 1 1 1 0 0 0 1 0 1 1 0 1 1 1 0 1 0 1 0 0 0 0 1 0 1 1 0 1 1 1 1 1 1 1 0 0 1 0 1 0 0 1 1 0 1 1 0 0 0 1 1 0 0 0 1 0 0 1 
1 0 0 1 1 1 1 1 0 1 0 0 1 0 1 1 0 0 0 1 0 0 0 1 1 0 0 1 0 0 1 0 1 1 0 0 1 0 0 0 0 0 0 0 0 1 0 1 1 1 1 1 0 1 0 1 0 0 0 0 0 0 1 0 1 0 0 0 0 0 0 1 0 0 0 1 0 0 1 1 1 1 1 0 0 1 1 1 1 0 1 1 0 1 1 1 0 1 1 1 1 1 1 0 0 1 0 0 1 0 1 0 1 0 1 0 1 0 1 1 1 1 1 1 1 1 1 1 0 1 0 0 1 0 0 1 1 0 0 1 1 1 1 0 1 0 1 0 1 1 0 0 1 1 0 1 1 1 0 0 
1 1 1 0 0 1 0 1 0 0 0 0 1 0 1 0 0 1 1 1 0 1 0 0 1 1 1 0 0 1 1 1 0 0 1 0 1 1 0 1 1 1 1 0 1 1 0 0 0 0 0 0 0 1 0 0 1 1 0 1 0 0 1 0 0 1 0 0 1 1 0 0 0 0 1 1 0 1 0 1 0 0 0 0 1 0 0 0 1 0 1 1 0 0 0 1 1 0 1 0 0 0 0 1 0 1 0 1 0 0 1 1 1 1 0 1 1 1 1 1 1 0 0 0 1 1 0 0 1 1 1 1 1 1 1 1 1 0 1 1 1 1 1 1 1 0 1 1 0 1 1 0 1 0 1 0 0 0 1 1 
0 0 0 1 1 1 1 0 0 0 1 0 1 0 1 0 0 0 0 1 1 1 1 0 1 0 0 1 1 1 0 0 1 1 1 0 1 0 1 0 0 0 0 1 1 0 1 1 1 0 1 0 0 1 0 0 0 0 0 0 0 1 0 0 0 1 0 0 0 1 1 0 0 0 0 0 1 0 1 1 1 1 1 0 0 0 1 0 1 0 1 1 1 0 1 1 1 0 0 0 0 0 1 1 0 1 0 1 1 1 0 1 1 1 0 1 0 0 1 0 0 1 0 0 1 1 0 1 1 1 0 0 1 1 1 0 1 1 1 1 1 1 1 1 1 1 0 0 0 0 0 1 0 0 1 1 1 0 1 0 
0 1 1 0 1 0 0 1 0 1 0 1 0 1 1 1 0 1 1 0 0 1 0 1 1 0 0 1 0 1 0 0 0 0 1 0 1 1 0 0 1 0 1 0 1 1 1 0 1 0 0 1 0 1 1 1 0 1 0 1 1 1 0 0 1 0 1 1 0 0 0 1 1 0 1 0 1 0 1 0 0 1 1 1 0 0 1 1 1 1 0 0 1 1 0 0 0 0 1 0 0 1 1 0 1 0 0 1 0 0 0 0 1 1 1 0 0 0 0 0 0 1 0 0 0 1 1 1 1 0 0 0 0 0 1 0 1 0 1 1 1 0 1 0 0 1 0 0 0 1 0 0 0 1 1 0 0 1 0 1 
1 0 1 0 0 1 1 0 0 0 0 0 0 1 0 0 0 0 1 0 1 0 1 0 0 0 1 1 1 0 1 0 0 1 1 1 1 1 1 1 0 1 1 1 0 1 1 1 0 0 0 0 0 1 0 0 1 1 0 1 0 1 0 0 0 0 0 1 0 0 1 1 1 1 0 0 0 0 1 1 1 0 1 1 0 0 0 1 1 0 1 0 1 1 1 0 0 1 1 0 1 1 1 1 0 0 0 1 0 1 1 0 1 0 0 0 1 1 0 0 0 0 1 1 1 1 1 1 0 0 1 1 1 0 0 1 0 1 0 1 1 1 0 0 1 1 0 1 0 1 0 0 1 1 1 1 1 0 0 1 
0 0 0 0 0 0 1 1 0 1 1 0 1 0 1 1 1 1 1 0 1 1 1 0 1 0 0 0 1 1 0 0 0 0 0 1 0 1 1 0 1 1 0 0 1 1 1 0 1 0 1 0 1 0 0 0 0 1 1 1 1 1 0 0 1 1 0 1 1 0 0 1 0 0 1 0 1 1 0 0 1 0 1 0 0 0 0 1 0 1 1 1 0 0 1 0 1 1 1 1 1 0 1 0 0 1 1 0 1 1 1 0 1 0 0 1 1 1 1 0 1 0 0 1 0 1 0 1 1 0 0 0 0 0 0 0 0 1 1 1 0 1 1 0 0 0 0 0 1 0 1 0 0 0 1 1 0 0 0 1 
1 1 1 1 0 1 0 1 0 1 1 0 0 1 1 1 0 1 0 1 1 1 1 1 0 0 0 1 1 0 1 1 0 0 1 1 0 0 1 1 0 1 1 0 0 1 1 0 1 0 0 1 0 1 0 1 1 0 0 0 0 1 0 0 0 0 0 1 0 0 0 0 1 1 0 1 0 1 0 1 0 1 0 1 1 0 1 0 0 0 0 1 0 1 0 1 0 0 0 1 1 0 0 1 0 1 0 0 1 1 1 0 1 0 1 1 0 1 0 0 1 0 0 1 1 1 1 1 0 0 0 0 1 0 0 1 1 1 1 0 1 0 0 0 0 0 1 1 1 0 0 1 1 1 0 1 0 0 0 1 
0 0 0 1 0 0 1 0 1 1 0 1 1 0 1 0 1 1 0 1 0 1 0 0 1 1 1 1 0 0 1 0 0 0 1 1 1 1 1 0 1 0 0 0 0 1 0 1 0 0 0 0 0 0 0 0 0 0 1 1 1 1 1 1 1 0 0 0 0 0 0 1 0 0 1 1 1 1 1 1 1 1 1 0 0 1 0 1 0 1 0 0 0 1 1 1 1 0 1 0 0 0 1 0 0 0 1 1 1 0 1 1 1 1 1 0 1 0 1 0 1 0 0 1 0 1 0 1 1 1 1 0 0 1 0 1 1 0 0 1 0 0 1 1 1 1 0 1 0 1 1 0 1 0 1 0 0 0 0 1 
1 1 0 0 0 1 0 1 0 0 1 0 1 0 1 1 0 0 0 1 0 0 0 1 0 0 1 1 0 1 0 1 1 1 1 0 1 1 0 1 0 0 1 0 0 1 1 1 1 0 0 0 0 0 1 1 0 1 1 1 1 0 0 1 1 1 0 0 0 1 1 1 1 0 0 0 0 1 0 1 0 0 1 1 0 1 1 1 0 1 0 0 0 0 1 1 0 0 1 0 0 1 1 1 1 1 0 1 1 0 1 0 1 1 0 0 1 1 0 0 0 1 0 1 0 0 1 1 0 0 0 1 1 1 0 1 0 1 0 0 1 1 0 1 0 0 1 1 1 0 0 1 1 0 1 0 1 1 1 1 
0 1 0 1 1 0 1 1 1 1 0 1 1 0 1 1 1 0 1 1 0 1 1 1 1 1 0 1 1 1 1 1 0 1 0 0 1 0 0 1 1 0 0 1 1 1 0 0 1 0 0 0 1 1 1 1 1 1 1 0 1 1 0 1 1 1 1 0 1 0 0 1 1 1 0 0 0 0 1 1 1 1 1 0 1 1 1 0 0 1 0 1 1 0 1 1 1 1 0 0 1 0 1 0 1 0 0 0 1 0 0 0 0 0 0 1 0 0 1 0 1 1 0 1 1 0 0 1 0 1 1 1 1 1 0 0 0 1 0 0 0 1 1 1 1 1 1 1 1 1 0 0 0 1 1 0 1 1 1 0 
1 1 0 0 1 0 1 0 1 1 1 1 1 1 1 1 1 1 0 0 0 0 1 1 1 1 0 0 1 1 0 1 0 0 0 0 1 1 0 0 0 1 0 1 0 1 1 1 0 1 0 1 1 1 0 0 0 1 0 1 1 0 1 0 0 0 1 0 1 0 0 0 1 1 1 0 1 0 0 1 1 1 1 1 1 1 0 1 1 1 0 1 0 0 1 1 1 0 0 0 0 1 0 0 0 1 0 0 1 1 0 0 1 1 0 0 0 1 0 1 1 0 0 0 1 0 1 0 0 0 1 0 1 1 1 1 1 1 1 0 0 1 1 1 0 1 0 1 0 1 0 0 1 1 1 1 1 1 0 0 
0 0 0 1 0 1 0 0 0 0 1 0 0 0 0 1 1 0 0 0 1 0 1 0 0 1 0 1 0 0 1 0 1 0 1 1 1 0 0 1 0 0 0 0 1 1 0 1 0 0 1 1 1 1 1 1 0 1 1 0 0 1 0 0 0 0 1 1 1 1 1 0 1 1 0 0 0 0 0 0 1 0 1 1 1 1 1 0 0 1 1 1 1 0 1 1 0 1 0 1 0 0 1 1 1 1 1 0 0 0 1 0 0 1 1 0 0 1 1 0 1 1 0 0 0 0 0 0 1 0 1 0 0 1 0 0 0 1 0 1 1 1 0 1 0 0 1 0 1 0 0 0 1 1 0 0 0 0 0 0 
0 1 0 0 0 1 0 1 0 1 0 1 0 1 0 1 0 0 0 1 0 0 0 0 1 0 0 1 1 1 1 0 1 0 0 0 1 0 1 1 0 1 0 1 1 1 0 1 1 0 1 1 0 1 0 1 1 1 1 1 1 0 0 1 1 1 0 1 0 0 1 0 1 1 1 1 1 0 0 0 0 1 1 0 1 0 0 0 1 1 1 0 0 1 1 1 0 1 0 0 1 0 1 0 0 0 0 1 0 0 1 0 0 1 1 1 1 0 1 0 0 1 1 0 1 0 0 1 1 1 0 0 1 1 1 0 0 0 0 0 1 1 1 0 1 0 1 0 0 0 1 0 1 0 0 0 1 1 1 1 
1 0 0 0 0 0 1 0 0 1 1 0 0 1 1 0 1 1 1 1 0 0 1 1 0 1 1 1 0 0 1 0 0 0 0 0 1 0 1 1 0 0 1 1 1 0 1 1 1 1 0 0 1 1 1 1 1 1 1 1 1 1 1 1 0 1 1 1 1 1 1 1 0 0 1 1 0 1 0 1 0 1 0 0 1 1 0 0 1 1 0 0 1 1 1 1 1 0 1 1 1 0 1 0 0 1 0 0 1 1 0 0 1 1 0 1 0 1 0 1 1 0 0 0 1 0 1 0 0 0 1 0 1 0 1 0 0 1 0 0 1 0 0 0 0 1 1 0 0 1 0 1 1 1 0 1 1 1 1 1 
0 1 1 0 0 0 1 0 1 1 0 1 1 1 1 0 1 1 0 1 1 0 1 0 1 1 0 0 0 0 0 0 1 0 0 1 1 1 0 0 1 1 1 0 1 0 0 0 1 1 1 1 0 0 1 1 0 0 0 1 0 1 0 0 0 1 1 1 0 1 1 0 1 1 1 0 1 1 0 0 0 0 1 0 1 1 1 0 0 0 1 1 0 0 0 0 0 1 1 0 1 1 0 1 1 1 0 1 1 0 1 0 1 1 0 0 0 0 1 0 0 0 1 1 1 1 0 1 1 1 0 0 1 1 0 0 1 1 0 1 0 0 0 1 0 1 1 1 0 1 1 0 1 0 0 0 1 1 1 1 
0 0 1 1 0 1 1 1 1 1 1 0 0 1 0 0 1 0 1 1 1 0 1 1 0 0 0 1 0 0 0 1 1 0 0 0 1 1 1 0 1 0 1 1 0 1 0 0 1 1 1 1 1 0 1 1 1 1 1 0 0 0 1 0 1 0 0 0 1 0 1 1 1 1 1 0 0 0 1 0 0 1 0 0 0 0 0 0 0 0 0 0 0 1 1 1 1 0 0 1 1 1 1 1 1 1 1 1 1 1 1 1 0 1 1 1 0 1 1 1 1 0 1 1 1 0 0 0 0 0 1 0 1 1 1 0 1 1 1 0 0 1 1 0 1 1 0 1 1 1 0 1 1 1 1 0 1 1 1 0 
0 0 1 0 0 1 1 1 0 1 0 0 0 1 0 1 0 0 0 1 1 0 0 1 0 0 1 0 0 0 0 1 1 1 0 0 0 0 0 0 0 0 0 0 1 0 0 1 1 1 0 0 1 1 0 0 1 1 1 1 0 0 1 0 1 0 1 0 0 0 0 0 0 0 1 1 0 0 1 1 1 0 0 1 1 1 1 1 0 0 0 0 1 0 0 0 0 1 1 1 0 0 1 1 0 1 0 1 0 1 0 1 1 0 1 0 1 0 1 1 1 0 0 0 1 1 0 0 1 1 0 1 0 1 0 1 1 0 0 1 1 0 0 0 0 1 0 1 0 1 0 1 0 1 1 1 1 1 0 1 
1 1 1 0 1 1 1 0 0 1 1 0 1 0 1 1 1 0 0 0 0 0 0 1 0 1 0 0 1 1 1 1 1 1 0 1 0 1 0 1 0 1 0 1 0 1 1 0 0 1 0 0 1 1 0 0 0 0 1 1 1 1 0 1 0 0 0 1 0 0 0 1 1 1 1 1 0 0 1 0 1 0 0 1 0 0 0 0 0 1 1 1 1 0 0 0 1 1 1 0 1 0 0 1 0 0 1 0 0 0 1 0 1 0 1 0 0 0 1 0 1 1 1 1 1 1 1 1 0 0 1 1 0 1 1 0 1 1 1 1 1 1 1 1 0 1 1 0 0 0 1 1 1 0 1 1 0 0 1 1 
0 1 1 0 0 0 0 0 1 1 1 0 0 0 0 1 0 1 1 0 1 1 1 0 1 1 0 0 0 1 0 1 1 1 0 0 0 0 1 1 0 0 0 1 1 1 1 1 0 0 0 0 0 1 0 0 0 0 0 1 0 0 0 1 0 0 0 0 1 0 0 0 1 1 0 1 1 0 0 0 1 0 1 0 0 1 1 0 0 1 0 0 1 1 1 1 0 1 0 1 1 1 0 0 1 0 0 1 1 1 1 1 1 1 1 0 1 1 0 0 0 1 1 0 1 1 0 0 0 1 1 0 1 0 0 1 0 0 0 1 0 0 0 0 1 0 0 0 0 0 1 0 0 1 0 0 1 0 0 0 
1 1 1 1 1 0 1 0 0 1 1 0 0 0 1 0 1 0 1 1 0 1 1 1 0 1 0 0 0 0 0 0 1 1 1 0 0 0 1 0 0 0 1 0 0 1 1 0 0 1 0 1 0 0 1 1 1 1 1 0 0 0 0 1 0 0 1 1 0 1 0 0 1 0 1 0 0 0 1 1 1 0 0 0 0 1 1 1 1 1 0 1 0 0 0 1 1 1 1 1 1 1 1 1 0 0 0 0 0 1 1 1 0 0 0 0 0 1 0 0 0 1 0 1 1 0 0 1 0 1 0 1 1 0 0 0 1 1 0 0 1 1 1 1 1 1 1 1 0 1 0 0 1 0 0 0 1 0 0 0 
0 1 1 0 1 0 1 0 0 0 0 0 1 1 1 0 0 0 0 1 0 1 0 0 0 1 0 1 0 0 0 1 0 0 1 1 1 1 0 1 0 1 0 0 0 0 0 1 0 0 0 1 1 1 0 1 1 1 1 0 0 1 1 0 1 1 0 0 1 1 1 0 0 0 0 0 1 0 0 0 0 1 0 0 0 0 0 0 1 0 1 0 0 1 1 0 1 0 0 1 1 0 0 0 1 0 1 0 1 1 1 1 0 1 1 1 0 0 0 0 0 0 0 0 0 0 0 0 0 0 0 0 0 0 0 0 0 0 0 0 0 0 0 0 0 0 0 0 0 0 0 0 0 0 0 0 0 0 0 0 
0 0 0 0 0 0 0 0 0 0 0 0 0 0 0 0 0 0 0 0 0 0 0 0 0 0 0 0 0 0 0 0 0 0 0 0 0 0 0 0 0 0 0 0 0 0 0 0 0 0 0 0 0 0 0 0 0 0 0 0 0 0 0 0 0 0 0 0 0 0 0 0 0 0 0 0 0 0 0 0 0 0 0 0 0 0 0 0 0 0 0 0 0 0 0 0 0 0 0 0 0 0 0 0 0 0 0 0 0 0 0 0 0 0 0 0 0 0 0 0 0 0 0 0 0 0 0 0 0 0 0 0 0 0 0 0 0 0 0 0 0 0 0 0 0 0 0 0 0 0 0 0 0 0 0 0 0 0 0 0 
0 0 0 0 0 0 0 0 0 0 0 0 0 0 0 0 0 0 0 0 0 0 0 0 0 0 0 0 0 0 0 0 0 0 0 0 0 0 0 0 0 0 0 0 0 0 0 0 0 0 0 0 0 0 0 0 0 0 0 0 0 0 0 0 0 0 0 0 0 0 0 0 0 0 0 0 0 0 0 0 0 0 0 0 0 0 0 0 0 0 0 0 0 0 0 0 0 0 0 0 0 0 0 0 0 0 0 0 0 0 0 0 0 0 0 0 0 0 0 0 0 0 0 0 0 0 0 0 0 0 0 0 0 0 0 0 0 0 0 0 0 0 0 0 0 0 0 0 0 0 0 0 0 0 0 0 0 0 0 0 
0 0 0 0 0 0 0 0 0 0 0 0 0 0 0 0 0 0 0 0 0 0 0 0 0 0 0 0 0 0 0 0 0 0 0 0 0 0 0 0 0 0 0 0 0 0 0 0 0 0 0 0 0 0 0 0 0 0 0 0 0 0 0 0 0 0 0 0 0 0 0 0 0 0 0 0 0 0 0 0 0 0 0 0 0 0 0 0 0 0 0 0 0 0 0 0 0 0 0 0 0 0 0 0 0 0 0 0 0 0 0 0 0 0 0 0 0 0 0 0 0 0 0 0 0 0 0 0 0 0 0 0 0 0 0 0 0 0 0 0 0 0 0 0 0 0 0 0 0 0 0 0 0 0 0 0 0 0 0 0 
0 0 0 0 0 0 0 0 0 0 0 0 0 0 0 0 0 0 0 0 0 0 0 0 0 0 0 0 0 0 0 0 0 0 0 0 0 0 0 0 0 0 0 0 0 0 0 0 0 0 0 0 0 0 0 0 0 0 0 0 0 0 0 0 0 0 0 0 0 0 0 0 0 0 0 0 0 0 0 0 0 0 0 0 0 0 0 0 0 0 0 0 0 0 0 0 0 0 0 0 0 0 0 0 0 0 0 0 0 0 0 0 0 0 0 0 0 0 0 0 0 0 0 0 0 0 0 0 0 0 0 0 0 0 0 0 0 0 0 0 0 0 0 0 0 0 0 0 0 0 0 0 0 0 0 0 0 0 0 0 
0 0 0 0 0 0 0 0 0 0 0 0 0 0 0 0 0 0 0 0 0 0 0 0 0 0 0 0 0 0 0 0 0 0 0 0 0 0 0 0 0 0 0 0 0 0 0 0 0 0 0 0 0 0 0 0 0 0 0 0 0 0 0 0 0 0 0 0 0 0 0 0 0 0 0 0 0 0 0 0 0 0 0 0 0 0 0 0 0 0 0 0 0 0 0 0 0 0 0 0 0 0 0 0 0 0 0 0 0 0 0 0 0 0 0 0 0 0 0 0 0 0 0 0 0 0 0 0 0 0 0 0 0 0 0 0 0 0 0 0 0 0 0 0 0 0 0 0 0 0 0 0 0 0 0 0 0 0 0 0 
0 0 0 0 0 0 0 0 0 0 0 0 0 0 0 0 0 0 0 0 0 0 0 0 0 0 0 0 0 0 0 0 0 0 0 0 0 0 0 0 0 0 0 0 0 0 0 0 0 0 0 0 0 0 0 0 0 0 0 0 0 0 0 0 0 0 0 0 0 0 0 0 0 0 0 0 0 0 0 0 0 0 0 0 0 0 0 0 0 0 0 0 0 0 0 0 0 0 0 0 0 0 0 0 0 0 0 0 0 0 0 0 0 0 0 0 0 0 0 0 0 0 0 0 0 0 0 0 0 0 0 0 0 0 0 0 0 0 0 0 0 0 0 0 0 0 0 0 0 0 0 0 0 0 0 0 0 0 0 0 
0 0 0 0 0 0 0 0 0 0 0 0 0 0 0 0 0 0 0 0 0 0 0 0 0 0 0 0 0 0 0 0 0 0 0 0 0 0 0 0 0 0 0 0 0 0 0 0 0 0 0 0 0 0 0 0 0 0 0 0 0 0 0 0 0 0 0 0 0 0 0 0 0 0 0 0 0 0 0 0 0 0 0 0 0 0 0 0 0 0 0 0 0 0 0 0 0 0 0 0 0 0 0 0 0 0 0 0 0 0 0 0 0 0 0 0 0 0 0 0 0 0 0 0 0 0 0 0 0 0 0 0 0 0 0 0 0 0 0 0 0 0 0 0 0 0 0 0 0 0 0 0 0 0 0 0 0 0 0 0 
0 0 0 0 0 0 0 0 0 0 0 0 0 0 0 0 0 0 0 0 0 0 0 0 0 0 0 0 0 0 0 0 0 0 0 0 0 0 0 0 0 0 0 0 0 0 0 0 0 0 0 0 0 0 0 0 0 0 0 0 0 0 0 0 0 0 0 0 0 0 0 0 0 0 0 0 0 0 0 0 0 0 0 0 0 0 0 0 0 0 0 0 0 0 0 0 0 0 0 0 0 0 0 0 0 0 0 0 0 0 0 0 0 0 0 0 0 0 0 0 0 0 0 0 0 0 0 0 0 0 0 0 0 0 0 0 0 0 0 0 0 0 0 0 0 0 0 0 0 0 0 0 0 0 0 0 0 0 0 0 
0 0 0 0 0 0 0 0 0 0 0 0 0 0 0 0 0 0 0 0 0 0 0 0 0 0 0 0 0 0 0 0 0 0 0 0 0 0 0 0 0 0 0 0 0 0 0 0 0 0 0 0 0 0 0 0 0 0 0 0 0 0 0 0 0 0 0 0 0 0 0 0 0 0 0 0 0 0 0 0 0 0 0 0 0 0 0 0 0 0 0 0 0 0 0 0 0 0 0 0 0 0 0 0 0 0 0 0 0 0 0 0 0 0 0 0 0 0 0 0 0 0 0 0 0 0 0 0 0 0 0 0 0 0 0 0 0 0 0 0 0 0 0 0 0 0 0 0 0 0 0 0 0 0 0 0 0 0 0 0 
0 0 0 0 0 0 0 0 0 0 0 0 0 0 0 0 0 0 0 0 0 0 0 0 0 0 0 0 0 0 0 0 0 0 0 0 0 0 0 0 0 0 0 0 0 0 0 0 0 0 0 0 0 0 0 0 0 0 0 0 0 0 0 0 0 0 0 0 0 0 0 0 0 0 0 0 0 0 0 0 0 0 0 0 0 0 0 0 0 0 0 0 0 0 0 0 0 0 0 0 0 0 0 0 0 0 0 0 0 0 0 0 0 0 0 0 0 0 0 0 0 0 0 0 0 0 0 0 0 0 0 0 0 0 0 0 0 0 0 0 0 0 0 0 0 0 0 0 0 0 0 0 0 0 0 0 0 0 0 0 
0 0 0 0 0 0 0 0 0 0 0 0 0 0 0 0 0 0 0 0 0 0 0 0 0 0 0 0 0 0 0 0 0 0 0 0 0 0 0 0 0 0 0 0 0 0 0 0 0 0 0 0 0 0 0 0 0 0 0 0 0 0 0 0 0 0 0 0 0 0 0 0 0 0 0 0 0 0 0 0 0 0 0 0 0 0 0 0 0 0 0 0 0 0 0 0 0 0 0 0 0 0 0 0 0 0 0 0 0 0 0 0 0 0 0 0 0 0 0 0 0 0 0 0 0 0 0 0 0 0 0 0 0 0 0 0 0 0 0 0 0 0 0 0 0 0 0 0 0 0 0 0 0 0 0 0 0 0 0 0 
0 0 0 0 0 0 0 0 0 0 0 0 0 0 0 0 0 0 0 0 0 0 0 0 0 0 0 0 0 0 0 0 0 0 0 0 0 0 0 0 0 0 0 0 0 0 0 0 0 0 0 0 0 0 0 0 0 0 0 0 0 0 0 0 0 0 0 0 0 0 0 0 0 0 0 0 0 0 0 0 0 0 0 0 0 0 0 0 0 0 0 0 0 0 0 0 0 0 0 0 0 0 0 0 0 0 0 0 0 0 0 0 0 0 0 0 0 0 0 0 0 0 0 0 0 0 0 0 0 0 0 0 0 0 0 0 0 0 0 0 0 0 0 0 0 0 0 0 0 0 0 0 0 0 0 0 0 0 0 0 
0 0 0 0 0 0 0 0 0 0 0 0 0 0 0 0 0 0 0 0 0 0 0 0 0 0 0 0 0 0 0 0 0 0 0 0 0 0 0 0 0 0 0 0 0 0 0 0 0 0 0 0 0 0 0 0 0 0 0 0 0 0 0 0 0 0 0 0 0 0 0 0 0 0 0 0 0 0 0 0 0 0 0 0 0 0 0 0 0 0 0 0 0 0 0 0 0 0 0 0 0 0 0 0 0 0 0 0 0 0 0 0 0 0 0 0 0 0 0 0 0 0 0 0 0 0 0 0 0 0 0 0 0 0 0 0 0 0 0 0 0 0 0 0 0 0 0 0 0 0 0 0 0 0 0 0 0 0 0 0 
0 0 0 0 0 0 0 0 0 0 0 0 0 0 0 0 0 0 0 0 0 0 0 0 0 0 0 0 0 0 0 0 0 0 0 0 0 0 0 0 0 0 0 0 0 0 0 0 0 0 0 0 0 0 0 0 0 0 0 0 0 0 0 0 0 0 0 0 0 0 0 0 0 0 0 0 0 0 0 0 0 0 0 0 0 0 0 0 0 0 0 0 0 0 0 0 0 0 0 0 0 0 0 0 0 0 0 0 0 0 0 0 0 0 0 0 0 0 0 0 0 0 0 0 0 0 0 0 0 0 0 0 0 0 0 0 0 0 0 0 0 0 0 0 0 0 0 0 0 0 0 0 0 0 0 0 0 0 0 0 
0 0 0 0 0 0 0 0 0 0 0 0 0 0 0 0 0 0 0 0 0 0 0 0 0 0 0 0 0 0 0 0 0 0 0 0 0 0 0 0 0 0 0 0 0 0 0 0 0 0 0 0 0 0 0 0 0 0 0 0 0 0 0 0 0 0 0 0 0 0 0 0 0 0 0 0 0 0 0 0 0 0 0 0 0 0 0 0 0 0 0 0 0 0 0 0 0 0 0 0 0 0 0 0 0 0 0 0 0 0 0 0 0 0 0 0 0 0 0 0 0 0 0 0 0 0 0 0 0 0 0 0 0 0 0 0 0 0 0 0 0 0 0 0 0 0 0 0 0 0 0 0 0 0 0 0 0 0 0 0 
0 0 0 0 0 0 0 0 0 0 0 0 0 0 0 0 0 0 0 0 0 0 0 0 0 0 0 0 0 0 0 0 0 0 0 0 0 0 0 0 0 0 0 0 0 0 0 0 0 0 0 0 0 0 0 0 0 0 0 0 0 0 0 0 0 0 0 0 0 0 0 0 0 0 0 0 0 0 0 0 0 0 0 0 0 0 0 0 0 0 0 0 0 0 0 0 0 0 0 0 0 0 0 0 0 0 0 0 0 0 0 0 0 0 0 0 0 0 0 0 0 0 0 0 0 0 0 0 0 0 0 0 0 0 0 0 0 0 0 0 0 0 0 0 0 0 0 0 0 0 0 0 0 0 0 0 0 0 0 0 
0 0 0 0 0 0 0 0 0 0 0 0 0 0 0 0 0 0 0 0 0 0 0 0 0 0 0 0 0 0 0 0 0 0 0 0 0 0 0 0 0 0 0 0 0 0 0 0 0 0 0 0 0 0 0 0 0 0 0 0 0 0 0 0 0 0 0 0 0 0 0 0 0 0 0 0 0 0 0 0 0 0 0 0 0 0 0 0 0 0 0 0 0 0 0 0 0 0 0 0 0 0 0 0 0 0 0 0 0 0 0 0 0 0 0 0 0 0 0 0 0 0 0 0 0 0 0 0 0 0 0 0 0 0 0 0 0 0 0 0 0 0 0 0 0 0 0 0 0 0 0 0 0 0 0 0 0 0 0 0 
0 0 0 0 0 0 0 0 0 0 0 0 0 0 0 0 0 0 0 0 0 0 0 0 0 0 0 0 0 0 0 0 0 0 0 0 0 0 0 0 0 0 0 0 0 0 0 0 0 0 0 0 0 0 0 0 0 0 0 0 0 0 0 0 0 0 0 0 0 0 0 0 0 0 0 0 0 0 0 0 0 0 0 0 0 0 0 0 0 0 0 0 0 0 0 0 0 0 0 0 0 0 0 0 0 0 0 0 0 0 0 0 0 0 0 0 0 0 0 0 0 0 0 0 0 0 0 0 0 0 0 0 0 0 0 0 0 0 0 0 0 0 0 0 0 0 0 0 0 0 0 0 0 0 0 0 0 0 0 0 
0 0 0 0 0 0 0 0 0 0 0 0 0 0 0 0 0 0 0 0 0 0 0 0 0 0 0 0 0 0 0 0 0 0 0 0 0 0 0 0 0 0 0 0 0 0 0 0 0 0 0 0 0 0 0 0 0 0 0 0 0 0 0 0 0 0 0 0 0 0 0 0 0 0 0 0 0 0 0 0 0 0 0 0 0 0 0 0 0 0 0 0 0 0 0 0 0 0 0 0 0 0 0 0 0 0 0 0 0 0 0 0 0 0 0 0 0 0 0 0 0 0 0 0 0 0 0 0 0 0 0 0 0 0 0 0 0 0 0 0 0 0 0 0 0 0 0 0 0 0 0 0 0 0 0 0 0 0 0 0 
0 0 0 0 0 0 0 0 0 0 0 0 0 0 0 0 0 0 0 0 0 0 0 0 0 0 0 0 0 0 0 0 0 0 0 0 0 0 0 0 0 0 0 0 0 0 0 0 0 0 0 0 0 0 0 0 0 0 0 0 0 0 0 0 0 0 0 0 0 0 0 0 0 0 0 0 0 0 0 0 0 0 0 0 0 0 0 0 0 0 0 0 0 0 0 0 0 0 0 0 0 0 0 0 0 0 0 0 0 0 0 0 0 0 0 0 0 0 0 0 0 0 0 0 0 0 0 0 0 0 0 0 0 0 0 0 0 0 0 0 0 0 0 0 0 0 0 0 0 0 0 0 0 0 0 0 0 0 0 0 
0 0 0 0 0 0 0 0 0 0 0 0 0 0 0 0 0 0 0 0 0 0 0 0 0 0 0 0 0 0 0 0 0 0 0 0 0 0 0 0 0 0 0 0 0 0 0 0 0 0 0 0 0 0 0 0 0 0 0 0 0 0 0 0 0 0 0 0 0 0 0 0 0 0 0 0 0 0 0 0 0 0 0 0 0 0 0 0 0 0 0 0 0 0 0 0 0 0 0 0 0 0 0 0 0 0 0 0 0 0 0 0 0 0 0 0 0 0 0 0 0 0 0 0 0 0 0 0 0 0 0 0 0 0 0 0 0 0 0 0 0 0 0 0 0 0 0 0 0 0 0 0 0 0 0 0 0 0 0 0 
0 0 0 0 0 0 0 0 0 0 0 0 0 0 0 0 0 0 0 0 0 0 0 0 0 0 0 0 0 0 0 0 0 0 0 0 0 0 0 0 0 0 0 0 0 0 0 0 0 0 0 0 0 0 0 0 0 0 0 0 0 0 0 0 0 0 0 0 0 0 0 0 0 0 0 0 0 0 0 0 0 0 0 0 0 0 0 0 0 0 0 0 0 0 0 0 0 0 0 0 0 0 0 0 0 0 0 0 0 0 0 0 0 0 0 0 0 0 0 0 0 0 0 0 0 0 0 0 0 0 0 0 0 0 0 0 0 0 0 0 0 0 0 0 0 0 0 0 0 0 0 0 0 0 0 0 0 0 0 0 
0 0 0 0 0 0 0 0 0 0 0 0 0 0 0 0 0 0 0 0 0 0 0 0 0 0 0 0 0 0 0 0 0 0 0 0 0 0 0 0 0 0 0 0 0 0 0 0 0 0 0 0 0 0 0 0 0 0 0 0 0 0 0 0 0 0 0 0 0 0 0 0 0 0 0 0 0 0 0 0 0 0 0 0 0 0 0 0 0 0 0 0 0 0 0 0 0 0 0 0 0 0 0 0 0 0 0 0 0 0 0 0 0 0 0 0 0 0 0 0 0 0 0 0 0 0 0 0 0 0 0 0 0 0 0 0 0 0 0 0 0 0 0 0 0 0 0 0 0 0 0 0 0 0 0 0 0 0 0 0 
0 0 0 0 0 0 0 0 0 0 0 0 0 0 0 0 0 0 0 0 0 0 0 0 0 0 0 0 0 0 0 0 0 0 0 0 0 0 0 0 0 0 0 0 0 0 0 0 0 0 0 0 0 0 0 0 0 0 0 0 0 0 0 0 0 0 0 0 0 0 0 0 0 0 0 0 0 0 0 0 0 0 0 0 0 0 0 0 0 0 0 0 0 0 0 0 0 0 0 0 0 0 0 0 0 0 0 0 0 0 0 0 0 0 0 0 0 0 0 0 0 0 0 0 0 0 0 0 0 0 0 0 0 0 0 0 0 0 0 0 0 0 0 0 0 0 0 0 0 0 0 0 0 0 0 0 0 0 0 0 
0 0 0 0 0 0 0 0 0 0 0 0 0 0 0 0 0 0 0 0 0 0 0 0 0 0 0 0 0 0 0 0 0 0 0 0 0 0 0 0 0 0 0 0 0 0 0 0 0 0 0 0 0 0 0 0 0 0 0 0 0 0 0 0 0 0 0 0 0 0 0 0 0 0 0 0 0 0 0 0 0 0 0 0 0 0 0 0 0 0 0 0 0 0 0 0 0 0 0 0 0 0 0 0 0 0 0 0 0 0 0 0 0 0 0 0 0 0 0 0 0 0 0 0 0 0 0 0 0 0 0 0 0 0 0 0 0 0 0 0 0 0 0 0 0 0 0 0 0 0 0 0 0 0 0 0 0 0 0 0 
0 0 0 0 0 0 0 0 0 0 0 0 0 0 0 0 0 0 0 0 0 0 0 0 0 0 0 0 0 0 0 0 0 0 0 0 0 0 0 0 0 0 0 0 0 0 0 0 0 0 0 0 0 0 0 0 0 0 0 0 0 0 0 0 0 0 0 0 0 0 0 0 0 0 0 0 0 0 0 0 0 0 0 0 0 0 0 0 0 0 0 0 0 0 0 0 0 0 0 0 0 0 0 0 0 0 0 0 0 0 0 0 0 0 0 0 0 0 0 0 0 0 0 0 0 0 0 0 0 0 0 0 0 0 0 0 0 0 0 0 0 0 0 0 0 0 0 0 0 0 0 0 0 0 0 0 0 0 0 0 
0 0 0 0 0 0 0 0 0 0 0 0 0 0 0 0 0 0 0 0 0 0 0 0 0 0 0 0 0 0 0 0 0 0 0 0 0 0 0 0 0 0 0 0 0 0 0 0 0 0 0 0 0 0 0 0 0 0 0 0 0 0 0 0 0 0 0 0 0 0 0 0 0 0 0 0 0 0 0 0 0 0 0 0 0 0 0 0 0 0 0 0 0 0 0 0 0 0 0 0 0 0 0 0 0 0 0 0 0 0 0 0 0 0 0 0 0 0 0 0 0 0 0 0 0 0 0 0 0 0 0 0 0 0 0 0 0 0 0 0 0 0 0 0 0 0 0 0 0 0 0 0 0 0 0 0 0 0 0 0 
0 0 0 0 0 0 0 0 0 0 0 0 0 0 0 0 0 0 0 0 0 0 0 0 0 0 0 0 0 0 0 0 0 0 0 0 0 0 0 0 0 0 0 0 0 0 0 0 0 0 0 0 0 0 0 0 0 0 0 0 0 0 0 0 0 0 0 0 0 0 0 0 0 0 0 0 0 0 0 0 0 0 0 0 0 0 0 0 0 0 0 0 0 0 0 0 0 0 0 0 0 0 0 0 0 0 0 0 0 0 0 0 0 0 0 0 0 0 0 0 0 0 0 0 0 0 0 0 0 0 0 0 0 0 0 0 0 0 0 0 0 0 0 0 0 0 0 0 0 0 0 0 0 0 0 0 0 0 0 0 
0 0 0 0 0 0 0 0 0 0 0 0 0 0 0 0 0 0 0 0 0 0 0 0 0 0 0 0 0 0 0 0 0 0 0 0 0 0 0 0 0 0 0 0 0 0 0 0 0 0 0 0 0 0 0 0 0 0 0 0 0 0 0 0 0 0 0 0 0 0 0 0 0 0 0 0 0 0 0 0 0 0 0 0 0 0 0 0 0 0 0 0 0 0 0 0 0 0 0 0 0 0 0 0 0 0 0 0 0 0 0 0 0 0 0 0 0 0 0 0 0 0 0 0 0 0 0 0 0 0 0 0 0 0 0 0 0 0 0 0 0 0 0 0 0 0 0 0 0 0 0 0 0 0 0 0 0 0 0 0 
0 0 0 0 0 0 0 0 0 0 0 0 0 0 0 0 0 0 0 0 0 0 0 0 0 0 0 0 0 0 0 0 0 0 0 0 0 0 0 0 0 0 0 0 0 0 0 0 0 0 0 0 0 0 0 0 0 0 0 0 0 0 0 0 0 0 0 0 0 0 0 0 0 0 0 0 0 0 0 0 0 0 0 0 0 0 0 0 0 0 0 0 0 0 0 0 0 0 0 0 0 0 0 0 0 0 0 0 0 0 0 0 0 0 0 0 0 0 0 0 0 0 0 0 0 0 0 0 0 0 0 0 0 0 0 0 0 0 0 0 0 0 0 0 0 0 0 0 0 0 0 0 0 0 0 0 0 0 0 0 
0 0 0 0 0 0 0 0 0 0 0 0 0 0 0 0 0 0 0 0 0 0 0 0 0 0 0 0 0 0 0 0 0 0 0 0 0 0 0 0 0 0 0 0 0 0 0 0 0 0 0 0 0 0 0 0 0 0 0 0 0 0 0 0 0 0 0 0 0 0 0 0 0 0 0 0 0 0 0 0 0 0 0 0 0 0 0 0 0 0 0 0 0 0 0 0 0 0 0 0 0 0 0 0 0 0 0 0 0 0 0 0 0 0 0 0 0 0 0 0 0 0 0 0 0 0 0 0 0 0 0 0 0 0 0 0 0 0 0 0 0 0 0 0 0 0 0 0 0 0 0 0 0 0 0 0 0 0 0 0 
0 0 0 0 0 0 0 0 0 0 0 0 0 0 0 0 0 0 0 0 0 0 0 0 0 0 0 0 0 0 0 0 0 0 0 0 0 0 0 0 0 0 0 0 0 0 0 0 0 0 0 0 0 0 0 0 0 0 0 0 0 0 0 0 0 0 0 0 0 0 0 0 0 0 0 0 0 0 0 0 0 0 0 0 0 0 0 0 0 0 0 0 0 0 0 0 0 0 0 0 0 0 0 0 0 0 0 0 0 0 0 0 0 0 0 0 0 0 0 0 0 0 0 0 0 0 0 0 0 0 0 0 0 0 0 0 0 0 0 0 0 0 0 0 0 0 0 0 0 0 0 0 0 0 0 0 0 0 0 0 
0 0 0 0 0 0 0 0 0 0 0 0 0 0 0 0 0 0 0 0 0 0 0 0 0 0 0 0 0 0 0 0 0 0 0 0 0 0 0 0 0 0 0 0 0 0 0 0 0 0 0 0 0 0 0 0 0 0 0 0 0 0 0 0 0 0 0 0 0 0 0 0 0 0 0 0 0 0 0 0 0 0 0 0 0 0 0 0 0 0 0 0 0 0 0 0 0 0 0 0 0 0 0 0 0 0 0 0 0 0 0 0 0 0 0 0 0 0 0 0 0 0 0 0 0 0 0 0 0 0 0 0 0 0 0 0 0 0 0 0 0 0 0 0 0 0 0 0 0 0 0 0 0 0 0 0 0 0 0 0 
0 0 0 0 0 0 0 0 0 0 0 0 0 0 0 0 0 0 0 0 0 0 0 0 0 0 0 0 0 0 0 0 0 0 0 0 0 0 0 0 0 0 0 0 0 0 0 0 0 0 0 0 0 0 0 0 0 0 0 0 0 0 0 0 0 0 0 0 0 0 0 0 0 0 0 0 0 0 0 0 0 0 0 0 0 0 0 0 0 0 0 0 0 0 0 0 0 0 0 0 0 0 0 0 0 0 0 0 0 0 0 0 0 0 0 0 0 0 0 0 0 0 0 0 0 0 0 0 0 0 0 0 0 0 0 0 0 0 0 0 0 0 0 0 0 0 0 0 0 0 0 0 0 0 0 0 0 0 0 0 
0 0 0 0 0 0 0 0 0 0 0 0 0 0 0 0 0 0 0 0 0 0 0 0 0 0 0 0 0 0 0 0 0 0 0 0 0 0 0 0 0 0 0 0 0 0 0 0 0 0 0 0 0 0 0 0 0 0 0 0 0 0 0 0 0 0 0 0 0 0 0 0 0 0 0 0 0 0 0 0 0 0 0 0 0 0 0 0 0 0 0 0 0 0 0 0 0 0 0 0 0 0 0 0 0 0 0 0 0 0 0 0 0 0 0 0 0 0 0 0 0 0 0 0 0 0 0 0 0 0 0 0 0 0 0 0 0 0 0 0 0 0 0 0 0 0 0 0 0 0 0 0 0 0 0 0 0 0 0 0 
0 0 0 0 0 0 0 0 0 0 0 0 0 0 0 0 0 0 0 0 0 0 0 0 0 0 0 0 0 0 0 0 0 0 0 0 0 0 0 0 0 0 0 0 0 0 0 0 0 0 0 0 0 0 0 0 0 0 0 0 0 0 0 0 0 0 0 0 0 0 0 0 0 0 0 0 0 0 0 0 0 0 0 0 0 0 0 0 0 0 0 0 0 0 0 0 0 0 0 0 0 0 0 0 0 0 0 0 0 0 0 0 0 0 0 0 0 0 0 0 0 0 0 0 0 0 0 0 0 0 0 0 0 0 0 0 0 0 0 0 0 0 0 0 0 0 0 0 0 0 0 0 0 0 0 0 0 0 0 0 
0 0 0 0 0 0 0 0 0 0 0 0 0 0 0 0 0 0 0 0 0 0 0 0 0 0 0 0 0 0 0 0 0 0 0 0 0 0 0 0 0 0 0 0 0 0 0 0 0 0 0 0 0 0 0 0 0 0 0 0 0 0 0 0 0 0 0 0 0 0 0 0 0 0 0 0 0 0 0 0 0 0 0 0 0 0 0 0 0 0 0 0 0 0 0 0 0 0 0 0 0 0 0 0 0 0 0 0 0 0 0 0 0 0 0 0 0 0 0 0 0 0 0 0 0 0 0 0 0 0 0 0 0 0 0 0 0 0 0 0 0 0 0 0 0 0 0 0 0 0 0 0 0 0 0 0 0 0 0 0 
0 0 0 0 0 0 0 0 0 0 0 0 0 0 0 0 0 0 0 0 0 0 0 0 0 0 0 0 0 0 0 0 0 0 0 0 0 0 0 0 0 0 0 0 0 0 0 0 0 0 0 0 0 0 0 0 0 0 0 0 0 0 0 0 0 0 0 0 0 0 0 0 0 0 0 0 0 0 0 0 0 0 0 0 0 0 0 0 0 0 0 0 0 0 0 0 0 0 0 0 0 0 0 0 0 0 0 0 0 0 0 0 0 0 0 0 0 0 0 0 0 0 0 0 0 0 0 0 0 0 0 0 0 0 0 0 0 0 0 0 0 0 0 0 0 0 0 0 0 0 0 0 0 0 0 0 0 0 0 0 
0 0 0 0 0 0 0 0 0 0 0 0 0 0 0 0 0 0 0 0 0 0 0 0 0 0 0 0 0 0 0 0 0 0 0 0 0 0 0 0 0 0 0 0 0 0 0 0 0 0 0 0 0 0 0 0 0 0 0 0 0 0 0 0 0 0 0 0 0 0 0 0 0 0 0 0 0 0 0 0 0 0 0 0 0 0 0 0 0 0 0 0 0 0 0 0 0 0 0 0 0 0 0 0 0 0 0 0 0 0 0 0 0 0 0 0 0 0 0 0 0 0 0 0 0 0 0 0 0 0 0 0 0 0 0 0 0 0 0 0 0 0 0 0 0 0 0 0 0 0 0 0 0 0 0 0 0 0 0 0 
0 0 0 0 0 0 0 0 0 0 0 0 0 0 0 0 0 0 0 0 0 0 0 0 0 0 0 0 0 0 0 0 0 0 0 0 0 0 0 0 0 0 0 0 0 0 0 0 0 0 0 0 0 0 0 0 0 0 0 0 0 0 0 0 0 0 0 0 0 0 0 0 0 0 0 0 0 0 0 0 0 0 0 0 0 0 0 0 0 0 0 0 0 0 0 0 0 0 0 0 0 0 0 0 0 0 0 0 0 0 0 0 0 0 0 0 0 0 0 0 0 0 0 0 0 0 0 0 0 0 0 0 0 0 0 0 0 0 0 0 0 0 0 0 0 0 0 0 0 0 0 0 0 0 0 0 0 0 0 0 
0 0 0 0 0 0 0 0 0 0 0 0 0 0 0 0 0 0 0 0 0 0 0 0 0 0 0 0 0 0 0 0 0 0 0 0 0 0 0 0 0 0 0 0 0 0 0 0 0 0 0 0 0 0 0 0 0 0 0 0 0 0 0 0 0 0 0 0 0 0 0 0 0 0 0 0 0 0 0 0 0 0 0 0 0 0 0 0 0 0 0 0 0 0 0 0 0 0 0 0 0 0 0 0 0 0 0 0 0 0 0 0 0 0 0 0 0 0 0 0 0 0 0 0 0 0 0 0 0 0 0 0 0 0 0 0 0 0 0 0 0 0 0 0 0 0 0 0 0 0 0 0 0 0 0 0 0 0 0 0 
0 0 0 0 0 0 0 0 0 0 0 0 0 0 0 0 0 0 0 0 0 0 0 0 0 0 0 0 0 0 0 0 0 0 0 0 0 0 0 0 0 0 0 0 0 0 0 0 0 0 0 0 0 0 0 0 0 0 0 0 0 0 0 0 0 0 0 0 0 0 0 0 0 0 0 0 0 0 0 0 0 0 0 0 0 0 0 0 0 0 0 0 0 0 0 0 0 0 0 0 0 0 0 0 0 0 0 0 0 0 0 0 0 0 0 0 0 0 0 0 0 0 0 0 0 0 0 0 0 0 0 0 0 0 0 0 0 0 0 0 0 0 0 0 0 0 0 0 0 0 0 0 0 0 0 0 0 0 0 0 
0 0 0 0 0 0 0 0 0 0 0 0 0 0 0 0 0 0 0 0 0 0 0 0 0 0 0 0 0 0 0 0 0 0 0 0 0 0 0 0 0 0 0 0 0 0 0 0 0 0 0 0 0 0 0 0 0 0 0 0 0 0 0 0 0 0 0 0 0 0 0 0 0 0 0 0 0 0 0 0 0 0 0 0 0 0 0 0 0 0 0 0 0 0 0 0 0 0 0 0 0 0 0 0 0 0 0 0 0 0 0 0 0 0 0 0 0 0 0 0 0 0 0 0 0 0 0 0 0 0 0 0 0 0 0 0 0 0 0 0 0 0 0 0 0 0 0 0 0 0 0 0 0 0 0 0 0 0 0 0 
0 0 0 0 0 0 0 0 0 0 0 0 0 0 0 0 0 0 0 0 0 0 0 0 0 0 0 0 0 0 0 0 0 0 0 0 0 0 0 0 0 0 0 0 0 0 0 0 0 0 0 0 0 0 0 0 0 0 0 0 0 0 0 0 0 0 0 0 0 0 0 0 0 0 0 0 0 0 0 0 0 0 0 0 0 0 0 0 0 0 0 0 0 0 0 0 0 0 0 0 0 0 0 0 0 0 0 0 0 0 0 0 0 0 0 0 0 0 0 0 0 0 0 0 0 0 0 0 0 0 0 0 0 0 0 0 0 0 0 0 0 0 0 0 0 0 0 0 0 0 0 0 0 0 0 0 0 0 0 0 
0 0 0 0 0 0 0 0 0 0 0 0 0 0 0 0 0 0 0 0 0 0 0 0 0 0 0 0 0 0 0 0 0 0 0 0 0 0 0 0 0 0 0 0 0 0 0 0 0 0 0 0 0 0 0 0 0 0 0 0 0 0 0 0 0 0 0 0 0 0 0 0 0 0 0 0 0 0 0 0 0 0 0 0 0 0 0 0 0 0 0 0 0 0 0 0 0 0 0 0 0 0 0 0 0 0 0 0 0 0 0 0 0 0 0 0 0 0 0 0 0 0 0 0 0 0 0 0 0 0 0 0 0 0 0 0 0 0 0 0 0 0 0 0 0 0 0 0 0 0 0 0 0 0 0 0 0 0 0 0 
0 0 0 0 0 0 0 0 0 0 0 0 0 0 0 0 0 0 0 0 0 0 0 0 0 0 0 0 0 0 0 0 0 0 0 0 0 0 0 0 0 0 0 0 0 0 0 0 0 0 0 0 0 0 0 0 0 0 0 0 0 0 0 0 0 0 0 0 0 0 0 0 0 0 0 0 0 0 0 0 0 0 0 0 0 0 0 0 0 0 0 0 0 0 0 0 0 0 0 0 0 0 0 0 0 0 0 0 0 0 0 0 0 0 0 0 0 0 0 0 0 0 0 0 0 0 0 0 0 0 0 0 0 0 0 0 0 0 0 0 0 0 0 0 0 0 0 0 0 0 0 0 0 0 0 0 0 0 0 0 
0 0 0 0 0 0 0 0 0 0 0 0 0 0 0 0 0 0 0 0 0 0 0 0 0 0 0 0 0 0 0 0 0 0 0 0 0 0 0 0 0 0 0 0 0 0 0 0 0 0 0 0 0 0 0 0 0 0 0 0 0 0 0 0 0 0 0 0 0 0 0 0 0 0 0 0 0 0 0 0 0 0 0 0 0 0 0 0 0 0 0 0 0 0 0 0 0 0 0 0 0 0 0 0 0 0 0 0 0 0 0 0 0 0 0 0 0 0 0 0 0 0 0 0 0 0 0 0 0 0 0 0 0 0 0 0 0 0 0 0 0 0 0 0 0 0 0 0 0 0 0 0 0 0 0 0 0 0 0 0 
0 0 0 0 0 0 0 0 0 0 0 0 0 0 0 0 0 0 0 0 0 0 0 0 0 0 0 0 0 0 0 0 0 0 0 0 0 0 0 0 0 0 0 0 0 0 0 0 0 0 0 0 0 0 0 0 0 0 0 0 0 0 0 0 0 0 0 0 0 0 0 0 0 0 0 0 0 0 0 0 0 0 0 0 0 0 0 0 0 0 0 0 0 0 0 0 0 0 0 0 0 0 0 0 0 0 0 0 0 0 0 0 0 0 0 0 0 0 0 0 0 0 0 0 0 0 0 0 0 0 0 0 0 0 0 0 0 0 0 0 0 0 0 0 0 0 0 0 0 0 0 0 0 0 0 0 0 0 0 0 
0 0 0 0 0 0 0 0 0 0 0 0 0 0 0 0 0 0 0 0 0 0 0 0 0 0 0 0 0 0 0 0 0 0 0 0 0 0 0 0 0 0 0 0 0 0 0 0 0 0 0 0 0 0 0 0 0 0 0 0 0 0 0 0 0 0 0 0 0 0 0 0 0 0 0 0 0 0 0 0 0 0 0 0 0 0 0 0 0 0 0 0 0 0 0 0 0 0 0 0 0 0 0 0 0 0 0 0 0 0 0 0 0 0 0 0 0 0 0 0 0 0 0 0 0 0 0 0 0 0 0 0 0 0 0 0 0 0 0 0 0 0 0 0 0 0 0 0 0 0 0 0 0 0 0 0 0 0 0 0 
0 0 0 0 0 0 0 0 0 0 0 0 0 0 0 0 0 0 0 0 0 0 0 0 0 0 0 0 0 0 0 0 0 0 0 0 0 0 0 0 0 0 0 0 0 0 0 0 0 0 0 0 0 0 0 0 0 0 0 0 0 0 0 0 0 0 0 0 0 0 0 0 0 0 0 0 0 0 0 0 0 0 0 0 0 0 0 0 0 0 0 0 0 0 0 0 0 0 0 0 0 0 0 0 0 0 0 0 0 0 0 0 0 0 0 0 0 0 0 0 0 0 0 0 0 0 0 0 0 0 0 0 0 0 0 0 0 0 0 0 0 0 0 0 0 0 0 0 0 0 0 0 0 0 0 0 0 0 0 0 
0 0 0 0 0 0 0 0 0 0 0 0 0 0 0 0 0 0 0 0 0 0 0 0 0 0 0 0 0 0 0 0 0 0 0 0 0 0 0 0 0 0 0 0 0 0 0 0 0 0 0 0 0 0 0 0 0 0 0 0 0 0 0 0 0 0 0 0 0 0 0 0 0 0 0 0 0 0 0 0 0 0 0 0 0 0 0 0 0 0 0 0 0 0 0 0 0 0 0 0 0 0 0 0 0 0 0 0 0 0 0 0 0 0 0 0 0 0 0 0 0 0 0 0 0 0 0 0 0 0 0 0 0 0 0 0 0 0 0 0 0 0 0 0 0 0 0 0 0 0 0 0 0 0 0 0 0 0 0 0 
0 0 0 0 0 0 0 0 0 0 0 0 0 0 0 0 0 0 0 0 0 0 0 0 0 0 0 0 0 0 0 0 0 0 0 0 0 0 0 0 0 0 0 0 0 0 0 0 0 0 0 0 0 0 0 0 0 0 0 0 0 0 0 0 0 0 0 0 0 0 0 0 0 0 0 0 0 0 0 0 0 0 0 0 0 0 0 0 0 0 0 0 0 0 0 0 0 0 0 0 0 0 0 0 0 0 0 0 0 0 0 0 0 0 0 0 0 0 0 0 0 0 0 0 0 0 0 0 0 0 0 0 0 0 0 0 0 0 0 0 0 0 0 0 0 0 0 0 0 0 0 0 0 0 0 0 0 0 0 0 
0 0 0 0 0 0 0 0 0 0 0 0 0 0 0 0 0 0 0 0 0 0 0 0 0 0 0 0 0 0 0 0 0 0 0 0 0 0 0 0 0 0 0 0 0 0 0 0 0 0 0 0 0 0 0 0 0 0 0 0 0 0 0 0 0 0 0 0 0 0 0 0 0 0 0 0 0 0 0 0 0 0 0 0 0 0 0 0 0 0 0 0 0 0 0 0 0 0 0 0 0 0 0 0 0 0 0 0 0 0 0 0 0 0 0 0 0 0 0 0 0 0 0 0 0 0 0 0 0 0 0 0 0 0 0 0 0 0 0 0 0 0 0 0 0 0 0 0 0 0 0 0 0 0 0 0 0 0 0 0 
0 0 0 0 0 0 0 0 0 0 0 0 0 0 0 0 0 0 0 0 0 0 0 0 0 0 0 0 0 0 0 0 0 0 0 0 0 0 0 0 0 0 0 0 0 0 0 0 0 0 0 0 0 0 0 0 0 0 0 0 0 0 0 0 0 0 0 0 0 0 0 0 0 0 0 0 0 0 0 0 0 0 0 0 0 0 0 0 0 0 0 0 0 0 0 0 0 0 0 0 0 0 0 0 0 0 0 0 0 0 0 0 0 0 0 0 0 0 0 0 0 0 0 0 0 0 0 0 0 0 0 0 0 0 0 0 0 0 0 0 0 0 0 0 0 0 0 0 0 0 0 0 0 0 0 0 0 0 0 0 
0 0 0 0 0 0 0 0 0 0 0 0 0 0 0 0 0 0 0 0 0 0 0 0 0 0 0 0 0 0 0 0 0 0 0 0 0 0 0 0 0 0 0 0 0 0 0 0 0 0 0 0 0 0 0 0 0 0 0 0 0 0 0 0 0 0 0 0 0 0 0 0 0 0 0 0 0 0 0 0 0 0 0 0 0 0 0 0 0 0 0 0 0 0 0 0 0 0 0 0 0 0 0 0 0 0 0 0 0 0 0 0 0 0 0 0 0 0 0 0 0 0 0 0 0 0 0 0 0 0 0 0 0 0 0 0 0 0 0 0 0 0 0 0 0 0 0 0 0 0 0 0 0 0 0 0 0 0 0 0 
0 0 0 0 0 0 0 0 0 0 0 0 0 0 0 0 0 0 0 0 0 0 0 0 0 0 0 0 0 0 0 0 0 0 0 0 0 0 0 0 0 0 0 0 0 0 0 0 0 0 0 0 0 0 0 0 0 0 0 0 0 0 0 0 0 0 0 0 0 0 0 0 0 0 0 0 0 0 0 0 0 0 0 0 0 0 0 0 0 0 0 0 0 0 0 0 0 0 0 0 0 0 0 0 0 0 0 0 0 0 0 0 0 0 0 0 0 0 0 0 0 0 0 0 0 0 0 0 0 0 0 0 0 0 0 0 0 0 0 0 0 0 0 0 0 0 0 0 0 0 0 0 0 0 0 0 0 0 0 0 
0 0 0 0 0 0 0 0 0 0 0 0 0 0 0 0 0 0 0 0 0 0 0 0 0 0 0 0 0 0 0 0 0 0 0 0 0 0 0 0 0 0 0 0 0 0 0 0 0 0 0 0 0 0 0 0 0 0 0 0 0 0 0 0 0 0 0 0 0 0 0 0 0 0 0 0 0 0 0 0 0 0 0 0 0 0 0 0 0 0 0 0 0 0 0 0 0 0 0 0 0 0 0 0 0 0 0 0 0 0 0 0 0 0 0 0 0 0 0 0 0 0 0 0 0 0 0 0 0 0 0 0 0 0 0 0 0 0 0 0 0 0 0 0 0 0 0 0 0 0 0 0 0 0 0 0 0 0 0 0 
0 0 0 0 0 0 0 0 0 0 0 0 0 0 0 0 0 0 0 0 0 0 0 0 0 0 0 0 0 0 0 0 0 0 0 0 0 0 0 0 0 0 0 0 0 0 0 0 0 0 0 0 0 0 0 0 0 0 0 0 0 0 0 0 0 0 0 0 0 0 0 0 0 0 0 0 0 0 0 0 0 0 0 0 0 0 0 0 0 0 0 0 0 0 0 0 0 0 0 0 0 0 0 0 0 0 0 0 0 0 0 0 0 0 0 0 0 0 0 0 0 0 0 0 0 0 0 0 0 0 0 0 0 0 0 0 0 0 0 0 0 0 0 0 0 0 0 0 0 0 0 0 0 0 0 0 0 0 0 0 
0 0 0 0 0 0 0 0 0 0 0 0 0 0 0 0 0 0 0 0 0 0 0 0 0 0 0 0 0 0 0 0 0 0 0 0 0 0 0 0 0 0 0 0 0 0 0 0 0 0 0 0 0 0 0 0 0 0 0 0 0 0 0 0 0 0 0 0 0 0 0 0 0 0 0 0 0 0 0 0 0 0 0 0 0 0 0 0 0 0 0 0 0 0 0 0 0 0 0 0 0 0 0 0 0 0 0 0 0 0 0 0 0 0 0 0 0 0 0 0 0 0 0 0 0 0 0 0 0 0 0 0 0 0 0 0 0 0 0 0 0 0 0 0 0 0 0 0 0 0 0 0 0 0 0 0 0 0 0 0 
0 0 0 0 0 0 0 0 0 0 0 0 0 0 0 0 0 0 0 0 0 0 0 0 0 0 0 0 0 0 0 0 0 0 0 0 0 0 0 0 0 0 0 0 0 0 0 0 0 0 0 0 0 0 0 0 0 0 0 0 0 0 0 0 0 0 0 0 0 0 0 0 0 0 0 0 0 0 0 0 0 0 0 0 0 0 0 0 0 0 0 0 0 0 0 0 0 0 0 0 0 0 0 0 0 0 0 0 0 0 0 0 0 0 0 0 0 0 0 0 0 0 0 0 0 0 0 0 0 0 0 0 0 0 0 0 0 0 0 0 0 0 0 0 0 0 0 0 0 0 0 0 0 0 0 0 0 0 0 0 
0 0 0 0 0 0 0 0 0 0 0 0 0 0 0 0 0 0 0 0 0 0 0 0 0 0 0 0 0 0 0 0 0 0 0 0 0 0 0 0 0 0 0 0 0 0 0 0 0 0 0 0 0 0 0 0 0 0 0 0 0 0 0 0 0 0 0 0 0 0 0 0 0 0 0 0 0 0 0 0 0 0 0 0 0 0 0 0 0 0 0 0 0 0 0 0 0 0 0 0 0 0 0 0 0 0 0 0 0 0 0 0 0 0 0 0 0 0 0 0 0 0 0 0 0 0 0 0 0 0 0 0 0 0 0 0 0 0 0 0 0 0 0 0 0 0 0 0 0 0 0 0 0 0 0 0 0 0 0 0 
0 0 0 0 0 0 0 0 0 0 0 0 0 0 0 0 0 0 0 0 0 0 0 0 0 0 0 0 0 0 0 0 0 0 0 0 0 0 0 0 0 0 0 0 0 0 0 0 0 0 0 0 0 0 0 0 0 0 0 0 0 0 0 0 0 0 0 0 0 0 0 0 0 0 0 0 0 0 0 0 0 0 0 0 0 0 0 0 0 0 0 0 0 0 0 0 0 0 0 0 0 0 0 0 0 0 0 0 0 0 0 0 0 0 0 0 0 0 0 0 0 0 0 0 0 0 0 0 0 0 0 0 0 0 0 0 0 0 0 0 0 0 0 0 0 0 0 0 0 0 0 0 0 0 0 0 0 0 0 0 
0 0 0 0 0 0 0 0 0 0 0 0 0 0 0 0 0 0 0 0 0 0 0 0 0 0 0 0 0 0 0 0 0 0 0 0 0 0 0 0 0 0 0 0 0 0 0 0 0 0 0 0 0 0 0 0 0 0 0 0 0 0 0 0 0 0 0 0 0 0 0 0 0 0 0 0 0 0 0 0 0 0 0 0 0 0 0 0 0 0 0 0 0 0 0 0 0 0 0 0 0 0 0 0 0 0 0 0 0 0 0 0 0 0 0 0 0 0 0 0 0 0 0 0 0 0 0 0 0 0 0 0 0 0 0 0 0 0 0 0 0 0 0 0 0 0 0 0 0 0 0 0 0 0 0 0 0 0 0 0 
0 0 0 0 0 0 0 0 0 0 0 0 0 0 0 0 0 0 0 0 0 0 0 0 0 0 0 0 0 0 0 0 0 0 0 0 0 0 0 0 0 0 0 0 0 0 0 0 0 0 0 0 0 0 0 0 0 0 0 0 0 0 0 0 0 0 0 0 0 0 0 0 0 0 0 0 0 0 0 0 0 0 0 0 0 0 0 0 0 0 0 0 0 0 0 0 0 0 0 0 0 0 0 0 0 0 0 0 0 0 0 0 0 0 0 0 0 0 0 0 0 0 0 0 0 0 0 0 0 0 0 0 0 0 0 0 0 0 0 0 0 0 0 0 0 0 0 0 0 0 0 0 0 0 0 0 0 0 0 0 
0 0 0 0 0 0 0 0 0 0 0 0 0 0 0 0 0 0 0 0 0 0 0 0 0 0 0 0 0 0 0 0 0 0 0 0 0 0 0 0 0 0 0 0 0 0 0 0 0 0 0 0 0 0 0 0 0 0 0 0 0 0 0 0 0 0 0 0 0 0 0 0 0 0 0 0 0 0 0 0 0 0 0 0 0 0 0 0 0 0 0 0 0 0 0 0 0 0 0 0 0 0 0 0 0 0 0 0 0 0 0 0 0 0 0 0 0 0 0 0 0 0 0 0 0 0 0 0 0 0 0 0 0 0 0 0 0 0 0 0 0 0 0 0 0 0 0 0 0 0 0 0 0 0 0 0 0 0 0 0 
0 0 0 0 0 0 0 0 0 0 0 0 0 0 0 0 0 0 0 0 0 0 0 0 0 0 0 0 0 0 0 0 0 0 0 0 0 0 0 0 0 0 0 0 0 0 0 0 0 0 0 0 0 0 0 0 0 0 0 0 0 0 0 0 0 0 0 0 0 0 0 0 0 0 0 0 0 0 0 0 0 0 0 0 0 0 0 0 0 0 0 0 0 0 0 0 0 0 0 0 0 0 0 0 0 0 0 0 0 0 0 0 0 0 0 0 0 0 0 0 0 0 0 0 0 0 0 0 0 0 0 0 0 0 0 0 0 0 0 0 0 0 0 0 0 0 0 0 0 0 0 0 0 0 0 0 0 0 0 0 
0 0 0 0 0 0 0 0 0 0 0 0 0 0 0 0 0 0 0 0 0 0 0 0 0 0 0 0 0 0 0 0 0 0 0 0 0 0 0 0 0 0 0 0 0 0 0 0 0 0 0 0 0 0 0 0 0 0 0 0 0 0 0 0 0 0 0 0 0 0 0 0 0 0 0 0 0 0 0 0 0 0 0 0 0 0 0 0 0 0 0 0 0 0 0 0 0 0 0 0 0 0 0 0 0 0 0 0 0 0 0 0 0 0 0 0 0 0 0 0 0 0 0 0 0 0 0 0 0 0 0 0 0 0 0 0 0 0 0 0 0 0 0 0 0 0 0 0 0 0 0 0 0 0 0 0 0 0 0 0 
0 0 0 0 0 0 0 0 0 0 0 0 0 0 0 0 0 0 0 0 0 0 0 0 0 0 0 0 0 0 0 0 0 0 0 0 0 0 0 0 0 0 0 0 0 0 0 0 0 0 0 0 0 0 0 0 0 0 0 0 0 0 0 0 0 0 0 0 0 0 0 0 0 0 0 0 0 0 0 0 0 0 0 0 0 0 0 0 0 0 0 0 0 0 0 0 0 0 0 0 0 0 0 0 0 0 0 0 0 0 0 0 0 0 0 0 0 0 0 0 0 0 0 0 0 0 0 0 0 0 0 0 0 0 0 0 0 0 0 0 0 0 0 0 0 0 0 0 0 0 0 0 0 0 0 0 0 0 0 0 
0 0 0 0 0 0 0 0 0 0 0 0 0 0 0 0 0 0 0 0 0 0 0 0 0 0 0 0 0 0 0 0 0 0 0 0 0 0 0 0 0 0 0 0 0 0 0 0 0 0 0 0 0 0 0 0 0 0 0 0 0 0 0 0 0 0 0 0 0 0 0 0 0 0 0 0 0 0 0 0 0 0 0 0 0 0 0 0 0 0 0 0 0 0 0 0 0 0 0 0 0 0 0 0 0 0 0 0 0 0 0 0 0 0 0 0 0 0 0 0 0 0 0 0 0 0 0 0 0 0 0 0 0 0 0 0 0 0 0 0 0 0 0 0 0 0 0 0 0 0 0 0 0 0 0 0 0 0 0 0 
0 0 0 0 0 0 0 0 0 0 0 0 0 0 0 0 0 0 0 0 0 0 0 0 0 0 0 0 0 0 0 0 0 0 0 0 0 0 0 0 0 0 0 0 0 0 0 0 0 0 0 0 0 0 0 0 0 0 0 0 0 0 0 0 0 0 0 0 0 0 0 0 0 0 0 0 0 0 0 0 0 0 0 0 0 0 0 0 0 0 0 0 0 0 0 0 0 0 0 0 0 0 0 0 0 0 0 0 0 0 0 0 0 0 0 0 0 0 0 0 0 0 0 0 0 0 0 0 0 0 0 0 0 0 0 0 0 0 0 0 0 0 0 0 0 0 0 0 0 0 0 0 0 0 0 0 0 0 0 0 
0 0 0 0 0 0 0 0 0 0 0 0 0 0 0 0 0 0 0 0 0 0 0 0 0 0 0 0 0 0 0 0 0 0 0 0 0 0 0 0 0 0 0 0 0 0 0 0 0 0 0 0 0 0 0 0 0 0 0 0 0 0 0 0 0 0 0 0 0 0 0 0 0 0 0 0 0 0 0 0 0 0 0 0 0 0 0 0 0 0 0 0 0 0 0 0 0 0 0 0 0 0 0 0 0 0 0 0 0 0 0 0 0 0 0 0 0 0 0 0 0 0 0 0 0 0 0 0 0 0 0 0 0 0 0 0 0 0 0 0 0 0 0 0 0 0 0 0 0 0 0 0 0 0 0 0 0 0 0 0 
0 0 0 0 0 0 0 0 0 0 0 0 0 0 0 0 0 0 0 0 0 0 0 0 0 0 0 0 0 0 0 0 0 0 0 0 0 0 0 0 0 0 0 0 0 0 0 0 0 0 0 0 0 0 0 0 0 0 0 0 0 0 0 0 0 0 0 0 0 0 0 0 0 0 0 0 0 0 0 0 0 0 0 0 0 0 0 0 0 0 0 0 0 0 0 0 0 0 0 0 0 0 0 0 0 0 0 0 0 0 0 0 0 0 0 0 0 0 0 0 0 0 0 0 0 0 0 0 0 0 0 0 0 0 0 0 0 0 0 0 0 0 0 0 0 0 0 0 0 0 0 0 0 0 0 0 0 0 0 0 
0 0 0 0 0 0 0 0 0 0 0 0 0 0 0 0 0 0 0 0 0 0 0 0 0 0 0 0 0 0 0 0 0 0 0 0 0 0 0 0 0 0 0 0 0 0 0 0 0 0 0 0 0 0 0 0 0 0 0 0 0 0 0 0 0 0 0 0 0 0 0 0 0 0 0 0 0 0 0 0 0 0 0 0 0 0 0 0 0 0 0 0 0 0 0 0 0 0 0 0 0 0 0 0 0 0 0 0 0 0 0 0 0 0 0 0 0 0 0 0 0 0 0 0 0 0 0 0 0 0 0 0 0 0 0 0 0 0 0 0 0 0 0 0 0 0 0 0 0 0 0 0 0 0 0 0 0 0 0 0 
0 0 0 0 0 0 0 0 0 0 0 0 0 0 0 0 0 0 0 0 0 0 0 0 0 0 0 0 0 0 0 0 0 0 0 0 0 0 0 0 0 0 0 0 0 0 0 0 0 0 0 0 0 0 0 0 0 0 0 0 0 0 0 0 0 0 0 0 0 0 0 0 0 0 0 0 0 0 0 0 0 0 0 0 0 0 0 0 0 0 0 0 0 0 0 0 0 0 0 0 0 0 0 0 0 0 0 0 0 0 0 0 0 0 0 0 0 0 0 0 0 0 0 0 0 0 0 0 0 0 0 0 0 0 0 0 0 0 0 0 0 0 0 0 0 0 0 0 0 0 0 0 0 0 0 0 0 0 0 0 