105 5908 58 41 38 64 
0 0 1 1 1 0 1 0 1 0 1 1 1 0 1 0 1 1 0 0 1 0 1 0 1 1 0 1 1 1 1 1 0 1 1 1 0 1 0 0 0 0 0 0 1 0 0 0 1 1 1 1 0 1 0 1 1 0 0 1 1 1 0 1 1 1 0 1 0 0 1 1 1 1 0 0 1 1 0 1 1 1 1 0 0 0 0 1 0 0 0 0 1 1 0 1 0 0 0 0 1 1 1 1 1 
0 0 1 1 0 0 1 0 1 0 0 0 0 0 0 0 1 0 0 0 0 1 1 0 0 1 1 1 1 1 1 0 0 0 0 1 0 0 1 0 1 1 0 0 0 0 0 1 1 1 1 1 1 1 1 1 1 1 0 1 1 0 0 0 0 0 1 0 1 0 0 0 1 0 1 1 1 1 1 1 0 1 1 0 0 1 1 0 1 1 1 0 0 1 0 0 0 0 0 0 0 1 1 1 0 
0 1 0 1 0 0 0 1 0 0 0 1 0 1 1 1 1 0 1 0 0 1 1 0 0 1 0 0 1 0 0 0 0 0 1 0 0 0 1 0 1 0 0 1 1 1 0 0 1 1 1 1 1 1 1 1 0 0 1 1 0 1 0 1 1 0 1 0 1 0 0 0 1 0 0 0 1 1 0 0 1 0 1 1 0 0 1 0 1 0 1 0 0 1 1 0 1 0 0 1 1 1 0 1 1 
1 0 0 0 0 0 1 1 0 1 0 0 0 1 1 1 1 1 1 0 1 1 0 0 1 0 1 0 0 0 1 0 1 1 1 0 0 1 0 1 0 1 1 0 0 1 1 0 0 0 1 0 1 1 1 1 1 1 0 1 0 0 1 1 1 0 1 0 1 1 1 0 1 0 0 0 1 1 1 0 0 1 1 1 0 1 1 1 0 0 1 1 1 1 0 0 0 0 0 1 1 0 0 1 0 
1 1 1 1 0 1 0 0 0 1 0 1 1 1 0 0 1 1 1 0 0 1 1 0 0 0 0 1 0 1 1 0 0 0 1 0 1 1 1 1 0 0 0 1 1 1 1 1 1 0 0 0 1 0 0 1 1 0 1 1 1 1 0 1 1 1 0 0 0 1 0 0 0 1 0 1 0 1 1 1 0 1 0 1 1 1 0 1 0 1 1 1 0 1 0 1 0 1 0 1 0 0 1 0 0 
0 0 0 1 1 0 1 0 1 1 1 1 0 0 1 0 1 1 0 1 1 0 0 0 0 0 1 0 0 0 1 0 1 1 1 1 0 1 0 0 1 0 1 1 1 0 1 1 0 1 1 1 1 1 0 1 1 0 1 0 0 0 1 0 1 0 0 0 0 1 0 0 1 0 1 1 1 0 1 0 0 1 1 0 1 1 1 1 0 0 1 1 0 0 0 1 1 1 1 1 1 0 1 0 1 
0 1 1 1 0 0 0 1 0 1 0 0 1 0 1 0 1 1 1 0 0 1 1 1 0 1 0 0 1 1 1 1 0 1 1 1 1 0 0 1 1 0 1 0 1 1 1 0 0 0 1 1 0 1 1 0 1 0 1 0 1 1 0 0 0 1 1 0 1 1 1 1 0 1 1 1 1 1 1 0 1 1 1 1 0 0 1 1 1 1 1 0 0 0 1 0 1 1 1 1 0 1 0 1 0 
1 0 1 0 0 0 1 0 1 0 0 1 0 1 0 1 1 1 1 1 0 0 1 1 1 0 0 1 1 1 1 0 1 0 0 1 0 1 0 1 0 1 1 0 1 0 1 0 1 0 1 1 0 0 1 0 1 0 0 1 0 1 1 1 1 1 1 1 0 1 1 0 1 1 1 0 1 0 1 1 1 1 0 0 1 1 0 1 0 1 0 1 1 0 1 1 0 1 1 1 1 0 0 1 0 
0 0 0 0 0 0 0 0 0 1 0 0 0 1 1 1 0 0 1 1 0 0 1 1 1 0 0 0 0 1 1 1 1 1 1 1 0 0 1 0 1 1 1 0 1 0 1 0 0 0 0 1 1 1 1 0 0 0 0 1 1 1 1 0 1 1 0 0 1 1 0 0 1 0 1 0 0 1 1 0 0 1 0 0 1 0 1 0 0 1 0 0 0 0 0 1 0 1 0 0 1 1 0 1 0 
1 1 1 1 0 1 0 0 1 0 1 1 1 1 1 1 0 1 1 1 1 0 0 1 1 0 1 1 1 0 0 1 0 0 0 1 0 1 0 1 0 1 0 1 1 0 0 1 0 1 0 0 0 0 0 0 1 0 0 1 0 1 1 0 0 1 0 1 0 0 1 1 1 0 1 1 0 0 1 0 1 0 0 1 1 0 1 0 1 1 0 1 0 1 1 0 1 0 1 0 0 0 0 0 1 
0 0 1 1 0 1 0 0 0 0 0 1 1 0 1 0 0 0 0 1 1 1 1 1 0 0 1 0 1 1 0 1 0 0 1 1 0 1 1 0 1 1 1 1 0 1 1 1 0 0 1 0 0 0 1 1 0 1 1 0 1 0 0 0 1 1 0 1 1 1 0 0 1 0 0 0 0 0 1 0 0 1 0 1 0 0 0 1 1 1 1 1 1 1 1 0 1 0 0 1 1 0 1 0 1 
1 1 0 0 1 1 0 0 1 1 0 0 1 1 0 0 1 1 1 1 1 0 0 1 0 0 0 1 1 0 1 1 1 0 1 0 0 1 1 1 0 1 0 0 1 1 1 1 0 0 1 0 0 1 0 0 0 0 1 1 1 1 0 1 0 0 0 0 1 1 1 0 1 0 0 0 0 1 0 1 1 1 0 1 0 1 1 0 0 0 0 1 1 0 0 1 1 1 0 0 1 1 1 1 0 
0 0 1 1 0 1 1 0 0 1 0 1 0 1 1 1 0 1 0 0 0 1 1 1 0 1 0 1 1 0 0 0 1 1 1 0 0 1 1 1 0 1 1 1 0 1 1 1 1 0 0 1 1 1 1 0 0 1 1 0 0 1 1 0 1 1 0 0 0 1 1 1 1 0 1 1 1 0 1 1 1 0 0 1 1 0 0 1 0 0 0 1 1 0 1 0 0 0 1 0 0 1 0 0 0 
0 0 1 1 0 1 1 1 0 1 1 1 0 0 1 1 1 0 0 0 1 0 0 1 0 0 1 0 1 1 1 0 1 0 1 1 1 0 0 1 0 0 0 0 0 1 1 0 0 1 1 0 0 1 1 0 0 1 1 0 0 1 0 0 0 1 0 1 0 1 1 1 1 0 1 0 1 1 1 1 1 0 0 1 1 1 1 0 0 0 1 0 1 0 0 1 1 1 1 0 0 0 1 0 0 
0 0 0 1 1 1 0 1 1 0 1 1 1 1 0 0 0 0 1 0 1 1 1 1 0 0 1 1 0 0 0 0 0 0 0 0 1 0 1 0 1 1 1 1 1 1 1 0 1 0 1 0 1 1 1 0 1 1 1 1 0 1 0 0 0 0 1 0 0 1 1 1 0 0 0 0 1 0 0 0 1 1 0 0 1 0 0 0 1 0 1 1 1 1 0 0 1 1 1 0 1 0 0 1 1 
0 1 1 0 1 1 1 0 0 1 0 1 1 1 1 0 1 1 1 1 0 1 0 1 0 0 0 1 0 1 1 1 0 1 0 0 1 0 1 1 0 1 1 0 1 0 1 0 0 1 0 0 1 0 1 1 0 1 1 1 0 1 0 0 0 1 0 0 0 1 0 0 0 1 0 0 0 1 0 0 1 1 0 0 0 0 0 1 1 1 1 1 0 0 0 1 1 0 1 1 0 0 0 1 0 
0 1 0 1 1 0 0 0 0 0 0 1 1 1 0 1 0 1 0 0 1 0 0 0 1 1 0 1 1 1 1 1 1 1 0 1 1 1 0 1 1 0 1 0 0 1 0 1 1 1 1 0 1 1 0 0 0 1 1 1 0 1 0 0 1 1 1 0 0 1 1 0 0 1 0 0 1 1 0 1 1 1 1 0 0 0 1 1 0 0 1 0 0 1 0 0 1 1 1 1 1 0 0 1 0 
0 1 0 1 1 1 0 0 0 0 1 1 1 1 0 0 1 0 0 1 0 1 1 0 1 1 1 0 0 0 1 1 1 1 1 0 1 1 1 0 0 1 1 1 0 1 1 0 1 0 0 0 0 0 1 0 0 1 0 0 0 1 0 0 0 1 1 1 1 0 0 1 1 0 1 1 0 0 0 0 0 1 1 0 1 1 0 1 1 1 1 0 1 1 1 0 1 0 0 1 1 1 0 0 0 
0 1 1 1 0 1 0 0 0 1 1 0 0 1 0 0 0 0 0 0 0 0 0 0 0 1 1 1 1 0 1 0 1 0 1 0 0 1 1 0 1 0 1 0 0 0 0 1 0 0 1 0 0 1 0 1 0 1 0 0 0 1 1 1 0 1 0 0 0 1 1 1 1 0 1 1 1 0 0 0 0 0 1 0 1 1 1 0 0 0 0 0 0 1 0 0 0 0 1 0 0 0 1 1 1 
1 1 1 0 0 1 0 1 1 1 0 1 1 1 1 0 1 1 1 0 1 1 1 0 1 1 0 1 0 1 1 1 1 1 1 0 1 0 1 1 0 1 1 0 0 0 1 0 0 0 0 0 1 1 0 1 0 0 1 0 1 0 1 1 0 1 0 0 0 1 1 0 1 1 0 1 0 1 1 0 1 0 1 0 0 0 0 1 0 1 0 0 1 1 1 1 1 0 0 0 0 1 0 1 1 
0 1 1 1 1 0 0 0 1 0 0 1 1 1 1 0 1 1 1 0 0 1 1 0 1 0 1 1 1 0 0 1 1 1 1 0 1 0 1 0 0 1 1 0 0 1 1 1 1 0 1 0 1 0 1 1 1 1 0 0 1 1 0 0 0 0 1 0 1 1 0 0 1 0 0 1 0 0 0 0 1 1 1 0 1 0 0 1 1 0 1 1 0 0 1 1 0 0 0 1 1 1 1 1 0 
0 0 0 0 0 0 1 1 1 0 1 0 1 0 1 0 0 0 1 1 0 0 1 1 0 0 1 0 0 1 0 0 1 0 1 0 1 1 0 1 0 1 1 0 0 1 1 0 1 0 1 0 1 1 0 1 0 1 0 1 1 0 1 0 0 0 1 0 1 0 1 0 0 0 1 0 0 1 0 0 1 0 0 1 1 1 0 0 0 1 1 0 0 1 1 1 0 1 1 0 0 1 1 1 1 
0 1 1 0 1 0 0 0 0 0 0 1 0 0 1 1 0 0 0 1 1 0 0 1 1 0 0 0 0 0 1 1 1 1 0 1 1 0 0 1 0 0 0 1 1 0 1 1 0 1 0 1 0 1 0 1 1 0 0 0 1 1 1 1 0 0 0 0 0 1 0 0 0 1 0 0 1 1 1 1 0 1 0 0 0 1 0 0 0 0 0 0 0 0 1 0 0 0 0 1 0 1 1 0 0 
1 0 1 1 1 1 1 1 0 1 0 0 0 0 1 0 1 1 0 1 1 0 0 0 1 1 1 1 1 1 1 0 1 1 0 1 0 0 0 1 1 0 1 0 0 0 1 1 1 0 1 1 0 1 1 0 0 1 0 0 1 0 0 1 0 0 0 1 1 0 1 1 1 1 0 0 0 1 0 1 0 1 0 0 1 0 1 0 0 0 1 0 0 1 0 0 1 1 1 1 0 1 1 0 0 
1 0 0 1 1 0 1 1 1 1 1 1 0 1 0 0 0 0 1 1 0 1 1 0 0 0 1 1 1 1 1 1 1 0 0 0 0 1 1 0 0 0 0 1 0 1 0 1 0 0 0 0 1 0 1 0 1 0 0 1 0 0 0 1 1 1 1 1 1 1 1 0 1 1 1 0 1 1 1 0 1 0 1 1 0 0 0 1 1 1 0 0 0 0 0 0 0 1 0 0 1 1 0 1 1 
1 1 0 0 1 0 0 1 0 0 1 0 0 0 0 0 0 1 1 1 1 1 1 1 1 0 0 0 0 0 0 0 1 0 0 0 0 0 0 0 0 0 0 1 0 1 0 0 0 0 0 0 1 1 0 0 1 1 0 1 1 0 0 1 0 0 1 0 0 0 0 1 0 0 0 1 0 0 1 0 0 0 1 0 0 0 1 1 1 0 0 0 1 1 1 0 0 1 1 0 1 1 0 0 1 
0 0 1 0 1 0 0 1 0 1 1 0 0 0 1 1 0 1 0 1 0 0 1 1 1 0 0 0 1 1 1 0 0 0 0 1 1 1 0 1 1 1 0 0 0 0 0 1 0 0 1 0 1 0 1 1 0 1 1 1 1 0 1 0 0 1 1 0 1 1 1 1 0 1 0 1 0 0 1 0 0 1 1 0 0 0 0 0 1 1 1 1 0 0 1 0 1 1 0 0 1 1 1 0 1 
0 0 0 0 1 0 0 1 0 0 0 1 0 0 1 0 0 1 1 1 1 1 0 1 1 1 0 0 0 1 1 1 1 0 1 0 0 0 1 1 0 0 1 1 0 0 0 0 0 0 1 1 0 1 0 1 0 0 1 1 1 1 0 0 0 0 0 1 1 0 0 0 0 0 0 1 1 0 1 1 1 0 0 0 0 0 0 1 0 0 0 0 0 1 0 1 0 0 1 0 1 1 1 1 0 
0 0 1 1 1 1 0 1 0 0 0 0 1 1 0 1 0 1 0 0 1 1 0 1 1 1 1 0 0 0 0 0 0 1 1 1 1 1 1 1 1 1 0 0 0 0 1 0 1 0 1 1 1 0 1 0 0 0 0 0 0 1 1 1 0 1 1 0 1 1 1 1 0 0 1 0 1 1 0 1 1 0 0 0 0 0 0 0 1 1 1 0 1 0 0 1 0 0 0 1 0 0 0 1 1 
0 1 0 0 0 1 1 1 1 1 0 0 0 1 0 1 0 0 0 1 0 0 1 1 0 1 0 0 1 0 0 0 0 0 0 0 1 1 1 0 0 1 0 0 1 1 1 0 0 1 1 0 1 1 0 0 1 1 0 0 0 0 1 0 0 0 0 1 1 1 0 1 0 1 0 0 1 1 0 0 1 1 0 0 1 0 0 1 0 0 0 1 0 0 0 0 1 0 1 0 0 0 0 1 1 
1 1 0 0 1 1 1 1 1 1 1 0 0 0 1 0 0 1 0 0 0 0 0 0 0 0 0 0 0 0 0 1 0 1 1 1 1 0 0 1 0 0 1 1 0 1 0 0 0 0 0 1 1 1 0 0 0 1 0 1 1 1 1 0 1 0 0 1 0 0 1 0 1 0 1 1 1 1 1 0 0 1 1 0 0 0 0 1 1 0 1 0 0 1 1 1 1 0 1 1 0 0 1 0 1 
1 1 0 0 0 1 0 0 0 0 1 0 0 0 1 1 1 0 0 1 1 1 0 0 1 1 1 1 0 0 1 0 1 1 0 1 1 0 1 1 1 1 0 0 1 0 1 1 1 0 0 1 1 0 0 1 0 1 0 0 0 0 0 1 1 1 0 1 0 0 1 0 0 1 0 1 0 1 0 1 0 0 0 1 0 0 1 0 1 0 1 0 1 0 0 1 0 0 0 1 0 1 1 0 0 
1 1 0 1 1 0 0 1 1 1 0 1 1 1 0 1 0 0 1 1 0 0 0 0 0 1 0 0 1 1 1 1 0 1 0 1 0 0 0 0 0 1 1 1 0 0 1 0 1 0 0 0 0 0 1 0 1 0 0 1 0 0 0 1 0 0 0 0 0 1 1 1 0 1 1 0 0 0 1 0 1 0 1 1 1 0 0 0 0 0 1 0 0 1 1 0 0 0 1 0 1 0 1 0 0 
1 0 1 1 1 0 1 0 1 1 1 1 0 1 1 0 0 0 1 1 0 1 0 1 1 0 0 0 1 0 0 1 1 0 1 1 0 1 0 1 1 0 0 0 1 1 0 1 1 0 0 1 1 0 1 0 1 0 1 0 1 1 1 0 0 1 0 1 1 1 1 1 1 1 1 1 0 1 1 1 1 1 0 0 0 0 1 1 1 0 0 0 1 0 1 1 1 0 0 1 1 0 0 0 1 
1 1 1 0 0 1 1 0 1 1 1 0 1 1 1 1 1 1 0 0 0 0 1 0 0 1 1 0 0 1 1 1 1 1 0 1 1 0 1 0 0 0 0 0 0 0 0 0 1 0 1 1 1 1 0 0 1 1 1 0 1 1 0 1 1 0 1 1 1 1 0 1 0 0 1 1 0 0 0 1 1 0 0 0 0 1 0 0 0 1 0 0 0 1 1 0 1 1 0 1 0 0 1 0 1 
1 1 1 1 0 1 0 0 0 1 1 0 0 1 0 0 0 0 0 0 0 1 0 0 0 0 1 0 1 1 1 0 1 0 1 0 1 1 1 0 1 1 1 0 1 0 1 1 0 1 0 0 0 0 0 1 0 1 0 0 1 0 0 0 1 0 0 0 0 1 0 0 0 0 0 1 0 1 0 0 0 0 1 1 1 0 0 1 1 1 1 0 0 0 0 0 0 1 1 0 1 1 1 0 0 
0 1 0 1 0 1 1 1 0 0 1 0 1 0 0 1 0 0 0 0 1 1 0 1 0 0 0 0 1 1 1 0 1 1 0 0 0 0 1 0 0 0 1 1 1 1 1 1 1 0 0 0 0 0 0 0 1 0 1 1 1 1 1 1 1 1 0 1 0 0 1 0 1 1 1 1 1 0 1 0 1 1 0 0 0 0 1 1 0 0 0 1 1 1 1 1 1 1 0 0 0 1 1 1 0 
1 0 0 0 1 1 1 0 1 0 1 0 0 1 0 1 1 1 0 0 0 1 0 0 1 1 1 1 1 0 0 1 1 0 1 1 0 0 1 1 1 0 0 1 0 0 1 1 1 1 0 1 0 0 1 1 1 1 1 1 0 0 0 1 0 0 1 1 0 1 0 0 1 1 0 0 1 1 1 1 1 0 0 1 1 0 0 1 0 0 0 1 1 1 0 1 1 0 0 1 1 0 0 0 1 
1 0 1 0 0 0 1 1 1 1 1 0 1 1 0 0 1 1 1 1 0 0 1 0 1 1 0 0 1 1 0 0 0 1 1 1 0 0 0 1 0 1 0 0 0 0 1 0 1 1 0 0 0 1 1 1 1 0 0 0 1 1 0 1 1 1 0 0 0 0 1 0 1 0 0 0 0 0 1 1 0 0 1 1 1 1 1 0 0 1 0 0 0 0 1 1 1 1 1 1 0 1 1 1 0 
1 0 0 1 0 1 1 0 1 0 1 1 0 0 1 1 0 1 1 1 1 0 0 1 0 0 0 0 0 0 1 0 0 0 0 1 0 1 0 0 0 1 0 1 1 1 0 1 1 1 1 1 0 1 1 0 1 1 1 0 0 0 1 0 0 1 0 1 1 0 0 0 0 0 0 0 0 1 0 0 0 0 0 1 0 0 1 0 1 0 0 0 0 0 0 0 0 1 1 0 1 1 0 0 1 
1 1 1 1 1 1 1 1 0 1 1 0 0 1 1 1 0 0 0 1 1 0 0 1 0 1 0 1 1 1 1 0 1 1 0 0 0 0 1 0 0 0 0 1 0 1 0 1 0 1 0 0 1 0 0 0 1 0 0 1 1 1 0 0 1 0 0 1 0 0 1 1 0 0 0 0 1 1 1 1 0 1 0 1 0 1 0 0 0 1 1 0 1 1 1 0 0 1 1 1 1 1 1 1 1 
0 0 1 1 1 0 1 0 0 1 0 0 1 1 0 0 0 1 0 0 0 1 0 0 0 0 0 1 1 0 0 0 0 0 1 1 0 1 0 1 1 0 0 0 0 1 1 1 1 0 0 0 0 0 1 0 1 1 0 1 0 0 1 1 1 1 1 0 1 0 0 0 0 0 1 1 0 1 1 0 1 0 0 1 1 1 1 1 1 0 1 0 1 1 0 1 1 0 1 1 0 1 0 0 0 
0 0 1 1 1 0 0 0 1 0 0 0 0 1 0 1 1 0 1 1 0 1 1 0 1 1 1 0 1 0 0 0 1 0 1 0 1 0 0 0 1 0 0 1 0 0 1 1 1 1 1 0 1 1 1 1 0 1 1 1 1 0 0 1 0 0 1 0 1 0 0 1 1 1 0 1 1 0 0 0 1 0 0 1 0 1 1 1 1 0 0 0 0 0 1 1 0 0 0 1 0 1 1 0 0 
0 0 0 1 0 1 1 0 1 0 0 0 1 0 0 1 0 0 0 0 1 1 0 0 0 0 0 0 1 1 1 0 0 1 1 0 0 1 1 1 0 1 1 0 1 0 0 0 0 0 0 0 1 0 1 1 1 1 0 0 0 0 1 1 1 0 1 0 0 0 0 1 1 1 0 1 1 1 0 1 0 1 1 0 1 1 1 1 0 1 0 1 0 0 1 1 1 0 1 0 1 1 0 1 0 
0 0 0 0 1 1 1 0 0 1 0 1 1 1 1 1 1 1 1 0 0 1 0 1 0 1 1 1 1 0 0 0 0 0 1 1 0 1 1 1 0 0 1 1 0 0 0 1 1 0 0 1 0 1 0 1 0 0 1 1 0 1 1 0 0 1 0 0 0 1 0 1 0 0 0 0 1 0 1 0 0 0 0 0 1 0 1 1 1 1 1 1 0 0 0 1 1 1 0 0 0 1 1 0 0 
1 1 0 1 0 1 1 0 0 1 1 0 0 0 1 0 1 1 1 1 0 1 1 0 1 0 1 0 0 0 0 0 0 1 1 1 1 1 1 1 1 0 0 0 0 0 1 0 1 1 0 1 1 0 1 1 1 1 1 1 1 0 0 0 1 0 0 1 1 1 1 1 1 1 1 0 1 0 0 1 0 0 0 1 1 1 0 0 1 1 1 0 1 1 1 0 0 1 1 0 0 1 0 0 0 
0 1 0 1 1 0 1 0 1 1 1 1 1 1 1 0 0 0 1 1 0 0 0 0 1 1 0 0 0 1 1 0 0 0 0 0 1 1 0 0 0 1 1 1 1 1 0 0 0 1 1 1 1 0 1 1 1 0 0 0 1 1 1 0 0 1 0 1 0 1 1 1 0 0 0 1 1 0 1 0 1 1 0 0 0 0 1 1 1 0 1 0 1 1 0 0 1 1 0 0 1 0 0 0 0 
1 1 1 0 0 1 1 0 1 0 1 1 0 1 1 0 0 0 1 0 0 1 0 1 1 1 1 1 1 1 0 1 0 1 1 0 0 1 1 1 1 0 0 1 0 0 1 0 1 0 0 1 1 1 1 1 0 0 0 0 0 0 0 1 1 0 1 1 0 1 1 0 1 0 1 1 1 0 0 1 1 1 1 0 0 1 0 1 1 1 0 0 0 1 0 1 0 1 0 1 0 1 1 1 1 
0 0 0 1 1 1 1 1 1 0 1 1 0 1 1 0 1 0 1 0 1 0 1 1 1 0 1 1 1 0 1 1 1 1 1 0 1 0 1 0 0 1 1 0 0 0 0 1 0 0 0 0 1 1 0 0 1 0 1 0 1 1 1 0 1 1 1 1 1 1 0 0 0 1 1 1 0 0 0 0 0 1 0 1 0 1 1 0 0 1 0 1 0 0 0 1 0 0 1 0 0 0 0 1 0 
1 1 0 1 1 0 0 0 1 0 1 1 0 1 1 1 0 1 0 0 0 1 1 1 0 1 1 1 0 0 1 1 1 1 0 0 0 1 0 1 1 0 1 0 0 0 0 0 0 0 0 1 0 1 1 1 1 0 0 0 0 0 1 1 0 0 0 1 0 1 1 0 0 0 0 0 0 0 1 0 0 1 0 1 0 0 0 0 0 0 0 0 0 0 0 1 0 0 0 1 0 0 0 0 1 
0 0 1 1 0 0 1 1 1 0 0 0 1 0 0 1 0 0 0 0 1 1 1 1 0 1 1 1 1 1 1 0 0 1 1 0 1 1 0 0 1 1 0 0 1 1 0 0 0 1 0 0 0 1 0 0 0 1 0 1 1 1 0 0 1 0 1 0 0 0 0 1 1 0 0 1 1 1 1 0 0 1 0 1 0 0 0 0 1 1 0 1 1 1 0 0 0 0 1 0 0 0 1 1 0 
1 1 0 0 1 1 0 0 1 0 0 1 1 1 1 0 0 1 1 1 1 1 0 1 0 1 0 1 0 0 0 1 1 0 0 0 0 1 1 0 1 0 0 1 1 0 1 1 1 1 0 0 1 1 0 0 1 0 1 0 1 1 0 0 0 0 0 1 1 0 1 0 0 1 1 0 1 1 0 1 0 0 0 0 1 1 0 0 0 1 0 0 0 1 1 0 0 1 0 1 1 1 1 1 0 
1 1 1 1 1 0 0 0 0 0 1 1 1 1 1 0 1 0 0 0 0 0 0 1 0 1 1 1 0 0 1 0 0 0 1 0 1 1 0 0 0 0 0 1 1 1 0 0 0 0 1 0 0 0 0 0 1 0 0 0 0 1 0 0 0 1 1 0 0 0 0 0 1 0 0 0 0 1 0 0 1 0 0 0 0 1 0 1 1 0 0 0 1 0 0 1 0 0 1 1 1 1 1 1 0 
1 0 1 1 0 0 1 0 0 0 1 0 0 1 1 0 0 0 1 0 0 1 0 0 0 1 0 0 0 1 1 1 1 1 0 0 1 0 0 0 1 1 1 1 0 0 1 0 0 1 1 0 0 0 0 0 1 1 1 0 1 0 1 0 0 1 0 1 1 1 0 0 0 0 1 1 0 0 1 0 1 0 1 1 0 0 1 0 1 1 1 0 1 0 1 0 0 0 1 0 1 0 1 0 0 
0 1 1 0 1 0 1 1 1 1 0 0 1 1 1 1 0 0 0 0 0 1 1 0 1 1 1 0 0 1 1 1 0 1 0 0 0 1 1 1 1 0 1 0 0 0 1 0 0 1 1 1 0 0 0 1 1 0 1 0 0 1 0 1 0 1 1 1 1 1 0 1 0 1 0 0 1 1 1 1 1 0 0 1 1 0 1 1 1 0 0 0 1 1 0 1 0 0 0 0 1 1 0 1 0 
1 0 1 0 1 0 1 0 0 1 0 1 0 0 1 1 1 1 0 0 0 0 0 0 1 0 0 1 1 0 1 0 0 0 0 0 1 0 0 0 1 1 1 1 1 1 0 0 0 0 1 0 1 1 1 0 1 0 1 1 1 0 1 1 1 1 1 0 1 1 0 1 1 1 1 1 0 0 0 0 0 1 1 1 0 1 0 1 1 0 0 0 0 0 0 0 0 0 1 0 0 1 1 0 0 
0 0 1 1 0 0 1 0 1 1 1 1 1 0 1 1 1 1 1 1 0 1 1 1 1 1 0 0 0 1 0 0 0 1 1 1 1 0 0 0 1 1 0 0 1 0 0 1 0 1 0 1 1 1 1 0 0 0 1 0 0 1 0 1 1 1 0 1 1 1 0 0 1 1 0 0 0 1 0 1 1 1 1 0 1 1 0 1 0 0 1 0 1 1 0 1 1 1 0 1 0 1 0 0 1 
0 1 0 1 0 0 1 1 1 0 0 1 0 1 0 1 1 0 0 0 1 0 0 0 1 0 0 1 1 1 1 1 0 1 1 0 0 1 0 0 1 0 0 0 0 0 0 1 0 0 0 1 0 1 0 1 1 0 0 0 0 0 1 1 0 1 1 0 0 1 0 0 0 1 0 1 1 0 1 0 1 0 1 0 1 1 1 0 1 1 1 0 1 1 1 1 1 0 0 0 0 1 0 1 1 
0 0 1 1 0 1 1 0 0 0 1 1 0 0 1 1 1 0 0 1 0 0 0 1 0 0 0 0 1 0 0 1 1 1 0 0 0 1 0 0 0 1 1 0 0 0 0 0 0 1 1 1 0 1 0 1 0 0 0 1 0 0 1 0 1 0 1 0 0 0 1 0 1 1 1 1 1 1 0 0 0 1 1 1 1 1 0 1 1 0 1 1 1 1 0 0 0 0 0 1 1 0 1 0 1 
0 1 0 1 0 0 1 1 0 1 0 1 0 1 1 1 1 0 1 1 0 0 0 1 0 1 0 1 1 0 0 0 1 0 0 1 0 1 0 0 0 0 0 0 1 0 0 0 0 1 0 0 1 1 0 1 1 0 0 0 1 1 0 0 1 0 0 0 0 0 0 0 0 1 1 1 0 0 0 1 1 1 1 0 1 1 1 0 1 0 0 1 0 1 0 0 1 0 1 1 1 1 1 1 0 
1 0 0 1 0 0 0 0 0 0 1 0 1 1 0 0 1 1 1 1 0 1 1 0 1 1 1 0 0 1 0 1 1 1 0 1 0 1 0 1 1 0 0 0 0 0 1 1 0 0 1 0 1 1 0 0 1 1 0 0 0 1 1 0 0 0 1 1 1 1 0 0 1 1 0 0 1 0 0 0 1 1 1 0 1 1 0 0 1 0 1 1 1 0 1 0 1 1 1 0 0 0 1 1 1 
1 0 1 0 0 1 0 1 0 0 0 0 1 1 1 1 0 0 1 0 1 1 0 0 0 0 0 0 0 0 1 0 0 0 0 0 1 1 0 1 0 1 0 0 0 0 0 1 0 1 0 1 0 1 1 0 1 1 0 1 1 0 0 0 1 1 1 0 1 1 0 0 0 1 0 0 0 1 1 1 1 1 0 1 0 1 1 1 0 1 0 0 0 1 1 0 0 0 1 0 0 1 1 1 0 
0 1 0 1 0 1 1 0 1 0 0 1 1 0 1 0 0 0 1 1 1 0 1 0 1 0 0 1 1 1 0 0 0 0 1 0 0 0 0 1 0 1 1 1 0 1 1 1 0 1 1 1 1 0 0 1 1 1 1 0 1 0 0 0 1 1 0 0 0 1 1 0 1 1 1 1 0 1 1 1 0 1 0 0 0 0 1 1 1 0 1 0 1 0 0 1 1 0 1 1 1 1 0 1 1 
1 0 1 0 0 1 1 0 1 0 0 0 1 1 1 0 1 1 0 0 0 1 0 1 0 0 0 1 1 1 1 0 1 1 0 0 1 0 1 1 0 1 0 1 0 0 1 0 1 0 0 0 0 0 0 1 1 0 0 0 1 0 1 0 0 1 0 0 1 0 0 0 0 1 0 0 1 0 0 1 0 0 1 0 1 0 1 0 1 0 1 1 0 1 1 1 1 0 0 0 1 1 1 1 1 
0 0 0 1 0 1 0 0 1 0 0 0 1 0 0 0 1 1 0 1 1 0 1 0 1 0 0 0 0 1 0 0 1 1 1 0 1 1 0 0 1 0 1 1 1 1 1 0 0 1 0 1 1 1 1 1 0 0 0 0 0 1 0 0 0 1 0 0 0 1 0 1 0 0 1 0 0 1 1 0 0 1 1 0 1 0 1 1 1 1 1 1 1 0 1 1 0 1 1 0 1 1 1 0 1 
1 1 1 0 0 1 0 1 0 0 1 1 1 1 1 0 0 1 1 0 1 1 1 1 1 0 0 0 0 0 1 1 0 1 0 1 0 1 0 1 0 1 1 0 0 0 0 1 0 0 1 0 0 1 0 0 0 0 1 1 0 0 0 1 1 0 1 0 1 0 1 0 0 1 0 1 1 1 1 1 0 0 0 1 0 0 0 0 1 1 1 1 1 1 0 0 1 1 0 0 0 0 1 1 1 
1 1 0 0 1 1 1 1 1 0 0 0 1 0 1 0 1 1 0 0 0 1 0 1 1 0 0 0 0 0 1 0 0 1 0 1 0 1 0 0 0 1 0 1 0 1 0 1 0 1 1 0 1 0 1 0 0 0 0 1 0 1 1 1 1 1 0 1 0 0 0 1 1 0 1 0 1 0 0 1 1 1 0 0 1 0 0 1 1 1 0 1 1 1 1 1 1 0 0 0 1 1 1 1 0 
0 0 1 1 0 1 1 0 1 1 0 0 1 1 1 0 1 1 0 1 0 1 1 0 1 1 1 1 1 1 1 1 0 1 0 0 1 1 0 1 1 0 1 0 1 1 1 1 1 1 1 0 0 0 0 1 0 0 0 1 1 1 0 1 1 0 1 0 1 1 0 0 0 0 1 0 0 1 0 0 0 0 0 1 0 1 1 1 0 0 0 1 0 1 1 1 0 0 0 1 1 1 1 0 1 
1 1 0 1 0 0 1 0 0 1 0 0 1 0 1 1 0 0 1 1 1 0 1 0 1 0 1 0 1 1 1 1 0 0 1 1 1 0 1 1 0 0 1 0 1 0 1 1 1 0 0 1 1 1 1 1 1 0 1 1 1 1 0 0 0 0 0 0 0 1 0 1 0 1 1 1 0 1 0 0 0 1 0 1 1 1 1 0 1 0 0 0 0 0 0 1 0 1 0 1 0 0 1 0 1 
1 0 1 0 0 1 1 1 0 0 1 1 0 0 0 0 0 0 0 0 0 1 0 0 1 0 0 0 0 1 1 0 0 0 0 1 0 1 0 0 0 0 1 0 1 0 0 1 0 0 0 0 0 1 0 1 1 0 1 0 0 0 1 0 1 0 0 1 1 0 0 1 1 1 0 1 0 1 0 0 1 0 0 0 0 0 0 0 0 0 0 0 1 0 0 0 0 0 0 0 1 1 1 0 0 
0 1 0 1 0 0 0 0 0 0 0 1 1 1 0 0 1 1 1 1 0 1 1 0 0 1 1 0 1 0 1 0 1 1 1 1 0 1 1 1 0 0 0 1 0 1 1 1 0 1 1 1 1 0 0 0 1 1 1 0 0 0 0 1 0 0 0 0 1 0 0 0 0 0 1 1 0 1 0 1 1 0 1 1 1 1 0 1 0 0 1 1 0 0 0 1 1 1 0 1 1 1 0 1 1 
0 0 1 0 0 0 0 0 1 1 0 1 1 0 0 0 0 1 0 0 1 0 1 0 1 0 1 0 0 1 0 1 0 0 1 1 1 0 0 0 0 0 1 1 1 0 0 0 0 0 1 0 0 1 0 1 0 0 0 1 1 0 1 0 1 1 0 0 1 1 1 0 1 0 1 1 0 0 0 1 1 1 0 0 0 0 1 1 0 0 1 1 1 1 1 0 0 0 0 1 1 0 0 0 0 
0 0 1 0 1 0 1 0 0 0 0 1 1 0 0 0 1 1 0 1 1 0 0 1 1 0 0 0 0 0 0 1 1 1 1 1 0 1 1 0 1 0 1 1 1 0 1 1 1 1 0 1 1 1 0 0 1 1 1 0 1 0 1 1 0 1 1 1 1 1 0 1 0 0 1 1 0 1 0 0 1 0 0 1 1 1 0 0 1 1 0 0 1 1 0 0 0 0 1 0 0 1 1 1 0 
1 0 0 1 0 0 0 0 1 1 0 0 0 1 0 0 1 1 0 1 1 0 0 1 1 1 0 0 0 0 0 0 1 0 0 1 1 0 1 1 1 1 0 1 1 1 0 1 1 0 1 1 0 0 1 1 1 1 0 0 0 1 0 1 1 0 0 0 0 1 0 0 1 0 1 0 1 0 1 1 0 0 0 1 0 0 1 1 0 0 1 1 0 0 1 1 1 0 0 0 1 0 0 1 0 
1 1 0 1 0 0 0 0 0 1 0 0 0 0 0 0 0 1 1 0 0 0 1 1 0 1 1 0 1 0 1 1 0 1 1 1 0 0 1 0 0 1 1 0 1 0 0 0 0 1 1 1 1 1 1 1 1 0 0 1 0 1 0 1 1 1 1 0 1 0 0 1 0 0 0 0 0 0 0 1 0 1 1 1 0 1 1 1 1 1 0 0 1 0 1 1 1 1 0 1 0 1 1 0 0 
1 0 1 1 1 0 0 1 0 1 0 0 0 1 1 0 0 0 1 1 1 1 1 1 1 1 0 0 0 0 1 1 0 0 1 0 0 1 1 0 0 1 1 0 0 0 1 0 0 1 0 0 0 1 0 0 0 1 0 0 1 1 0 1 0 0 1 0 0 0 1 1 0 0 1 0 1 0 0 1 1 1 1 0 1 0 0 0 1 1 1 0 1 1 0 1 0 1 1 1 0 1 1 0 0 
0 0 0 1 1 0 0 1 1 1 0 0 1 0 1 0 1 1 0 0 1 1 1 0 0 0 0 1 1 0 0 1 0 0 1 1 0 0 1 1 1 1 0 1 1 0 0 1 1 0 0 0 1 1 1 0 1 0 1 1 0 1 1 0 0 0 0 0 0 1 0 0 1 1 0 1 0 1 0 0 0 1 0 0 0 1 1 0 0 0 0 0 1 0 1 1 0 1 1 0 1 1 1 1 0 
0 0 0 1 1 1 1 1 1 1 0 0 1 1 1 0 1 0 0 1 0 1 0 1 1 0 0 1 1 0 0 0 1 0 0 0 0 1 0 0 0 0 0 0 1 1 0 1 1 1 0 0 1 1 0 1 0 0 0 0 0 1 0 1 0 1 0 1 1 0 0 0 1 1 0 0 0 0 0 0 1 0 0 1 0 0 1 1 1 0 1 0 1 1 1 0 0 1 1 1 0 1 0 1 0 
1 0 0 0 1 0 1 1 0 0 1 1 1 1 1 0 1 0 1 1 0 0 1 0 0 1 0 0 0 1 1 0 0 1 1 0 0 0 0 0 0 1 0 0 0 1 0 1 1 0 0 0 0 0 1 0 1 0 1 0 1 0 0 1 0 1 1 1 0 0 0 1 1 1 0 0 0 1 0 1 0 1 1 1 0 0 0 1 1 1 0 0 1 0 0 1 0 0 0 0 0 0 1 1 0 
1 1 1 1 1 0 0 0 0 1 1 1 1 0 1 1 0 1 1 1 1 1 0 0 1 1 1 1 0 0 1 0 1 0 1 0 0 1 1 0 1 1 1 1 0 0 1 0 1 0 1 1 0 0 1 1 0 0 0 0 0 0 0 0 1 0 1 1 0 0 1 1 0 1 1 1 0 1 1 0 1 0 1 0 0 0 1 1 0 0 0 0 1 0 0 0 1 0 1 1 1 0 0 1 0 
0 1 0 1 0 0 1 1 1 0 1 1 0 0 0 0 1 1 1 0 0 1 0 1 0 1 0 0 1 1 1 0 1 0 1 0 1 0 0 0 0 0 0 1 1 1 0 1 0 0 0 1 0 0 1 1 1 0 1 1 1 1 1 1 0 0 1 0 0 1 1 1 0 0 0 1 1 1 1 1 0 0 1 1 0 0 0 0 1 0 1 1 0 0 1 1 0 0 1 0 1 1 0 1 1 
0 1 0 0 0 1 0 0 0 1 0 0 0 1 0 1 1 0 0 0 1 1 0 1 0 1 1 0 1 1 1 1 1 1 1 1 0 1 0 0 0 1 0 0 0 0 1 0 1 0 1 1 0 0 0 1 0 1 0 0 0 0 0 0 0 0 1 1 0 1 0 1 1 1 1 1 1 1 1 1 1 0 0 0 1 0 0 1 1 1 1 1 1 1 1 0 0 0 1 0 0 1 1 1 1 
0 1 0 0 1 0 0 1 1 1 0 1 0 1 1 0 0 0 0 1 1 1 1 1 1 0 1 1 0 0 1 1 1 1 0 0 1 0 0 0 1 1 0 1 0 1 0 1 0 0 0 0 1 1 1 1 0 1 0 1 0 1 1 0 1 0 1 1 0 0 1 0 0 0 1 1 1 1 0 1 1 1 0 1 0 1 0 0 0 1 0 0 1 0 1 1 0 0 0 1 1 0 1 0 1 
1 1 1 1 1 0 0 1 0 1 0 1 1 0 1 0 1 1 1 1 1 0 0 0 1 0 1 0 0 0 0 1 1 0 0 0 0 1 1 1 0 0 1 1 0 1 1 0 1 1 0 1 1 0 0 1 0 1 0 0 0 1 1 0 1 0 0 1 0 0 1 1 1 0 0 1 0 1 1 0 1 0 1 0 0 1 0 0 0 1 1 1 0 1 1 0 0 0 0 0 0 1 1 1 0 
0 1 1 0 0 1 0 0 1 1 0 1 1 1 1 1 1 1 1 1 1 1 0 0 1 1 0 0 1 0 1 0 0 0 0 1 1 1 0 0 1 1 1 0 0 1 0 0 1 1 1 1 1 1 0 1 1 0 1 1 1 0 0 0 1 1 1 1 1 1 0 1 1 1 1 1 1 1 1 1 1 0 0 1 0 0 0 1 0 1 1 1 1 0 1 1 0 0 0 0 1 1 0 1 0 
0 1 1 0 0 0 1 1 1 0 1 1 1 0 1 0 1 1 0 0 1 0 1 1 0 0 1 1 0 1 1 0 1 0 0 1 1 0 0 0 0 0 1 1 1 1 0 1 0 0 1 1 0 1 1 0 1 0 1 0 1 0 1 1 0 0 1 1 0 0 0 0 1 0 0 0 1 0 0 1 1 1 0 0 1 0 1 0 0 0 0 0 1 0 0 0 1 1 1 0 1 1 0 1 1 
0 1 0 1 0 0 0 1 0 0 0 0 0 0 0 1 0 1 1 1 0 1 1 0 1 0 1 0 0 0 1 1 0 0 1 0 1 0 1 1 1 1 1 1 0 0 0 1 0 1 1 1 0 0 1 1 1 0 0 0 0 1 0 0 0 1 0 1 0 0 0 0 0 1 0 0 1 1 0 1 0 1 0 1 0 0 0 0 0 1 0 1 0 0 0 0 1 1 0 1 1 1 1 0 1 
0 1 1 1 0 1 1 0 0 1 0 1 0 1 1 1 1 1 1 0 0 1 1 0 1 0 0 0 1 0 0 0 1 1 1 1 0 0 1 1 1 0 0 1 0 0 0 0 0 1 0 0 1 1 0 1 0 0 0 0 1 1 1 0 1 1 1 0 1 0 1 0 1 1 0 1 0 1 1 0 0 0 1 0 0 1 0 0 0 0 1 1 0 1 0 0 1 1 1 1 0 1 0 0 1 
0 0 1 1 0 0 1 0 1 1 1 1 0 1 0 0 1 0 0 0 1 1 1 1 1 1 0 1 1 0 0 0 0 1 1 1 1 1 0 1 1 0 0 1 0 1 0 0 0 0 1 0 1 1 0 0 0 0 0 1 0 0 0 1 0 1 0 1 0 0 0 0 1 0 0 0 0 1 0 0 0 1 1 0 0 1 0 1 0 1 1 0 1 1 1 0 0 1 1 1 0 0 1 0 0 
0 0 0 1 0 0 1 1 0 0 0 1 0 1 1 1 1 1 0 0 1 0 0 0 0 0 1 0 1 0 1 0 1 1 1 0 1 1 1 1 1 0 1 1 0 1 0 0 1 1 1 0 1 0 0 1 1 1 1 0 1 0 1 0 0 0 1 1 1 0 0 0 1 1 0 1 1 1 0 1 1 0 1 1 1 0 1 1 1 0 0 1 0 1 1 0 1 1 1 0 1 0 1 0 1 
0 1 0 1 0 1 1 1 1 1 1 0 1 1 1 0 0 0 0 0 0 0 0 0 0 0 0 0 1 1 0 0 0 0 1 0 1 0 1 0 1 0 0 0 1 0 0 1 0 0 0 0 1 0 0 1 1 0 0 0 0 0 0 1 0 0 0 0 1 0 0 0 1 1 1 1 0 1 1 0 0 0 0 0 1 1 0 0 1 1 0 0 0 1 0 0 0 1 0 0 0 0 1 1 0 
1 0 1 1 0 0 1 0 0 0 1 1 1 0 1 0 0 0 0 0 1 0 1 1 0 1 1 0 0 1 0 0 1 0 0 1 0 1 0 0 1 0 0 1 1 0 0 0 0 1 0 0 0 0 0 0 1 1 1 1 1 1 1 0 1 1 0 1 0 0 0 1 1 1 1 0 0 1 0 1 0 1 1 1 0 0 0 1 0 0 0 0 0 1 1 0 0 1 1 0 0 0 0 1 1 
1 1 1 0 1 0 0 1 1 1 0 1 1 0 0 0 1 0 1 1 0 0 0 0 1 0 1 0 0 1 1 0 0 0 0 1 1 1 1 0 0 0 0 0 1 0 0 0 0 0 0 0 0 0 0 0 0 0 0 0 0 0 1 1 0 0 1 1 1 0 0 0 0 1 0 0 1 0 0 1 0 1 1 0 0 0 1 1 1 0 1 0 0 0 0 0 0 1 0 1 0 0 1 1 0 
0 0 1 1 1 1 1 0 1 0 1 0 0 1 1 1 0 1 0 0 1 0 1 1 0 1 0 0 0 0 0 1 0 1 1 0 0 1 1 1 1 1 1 0 1 1 0 0 0 1 1 1 1 0 0 1 0 0 1 1 0 0 0 1 1 0 1 0 1 1 1 1 1 0 1 0 1 1 0 1 0 0 1 1 0 0 0 0 0 0 0 1 0 0 1 0 0 1 0 1 1 0 0 1 0 
1 0 0 0 0 1 1 0 0 1 0 0 0 1 1 1 1 1 0 0 0 1 1 1 1 1 1 1 0 1 1 0 1 0 1 0 1 1 1 0 0 1 1 0 1 1 0 1 1 1 1 1 0 1 1 0 1 1 1 1 0 1 0 1 0 0 1 0 1 1 1 1 1 0 1 0 1 1 0 1 1 0 0 0 1 1 0 1 1 0 0 0 1 1 0 0 0 1 1 0 0 0 1 0 1 
0 1 0 1 1 0 1 1 1 1 0 1 1 1 1 1 1 1 1 0 0 1 1 0 0 1 1 0 0 1 1 1 1 0 1 0 0 1 0 1 0 0 1 0 0 0 0 1 0 1 1 0 1 0 1 1 1 0 0 0 0 0 0 0 0 0 0 0 0 0 0 0 0 0 0 0 0 0 0 0 0 0 0 0 0 0 0 0 0 0 0 0 0 0 0 0 0 0 0 0 0 0 0 0 0 
0 0 0 0 0 0 0 0 0 0 0 0 0 0 0 0 0 0 0 0 0 0 0 0 0 0 0 0 0 0 0 0 0 0 0 0 0 0 0 0 0 0 0 0 0 0 0 0 0 0 0 0 0 0 0 0 0 0 0 0 0 0 0 0 0 0 0 0 0 0 0 0 0 0 0 0 0 0 0 0 0 0 0 0 0 0 0 0 0 0 0 0 0 0 0 0 0 0 0 0 0 0 0 0 0 
0 0 0 0 0 0 0 0 0 0 0 0 0 0 0 0 0 0 0 0 0 0 0 0 0 0 0 0 0 0 0 0 0 0 0 0 0 0 0 0 0 0 0 0 0 0 0 0 0 0 0 0 0 0 0 0 0 0 0 0 0 0 0 0 0 0 0 0 0 0 0 0 0 0 0 0 0 0 0 0 0 0 0 0 0 0 0 0 0 0 0 0 0 0 0 0 0 0 0 0 0 0 0 0 0 
0 0 0 0 0 0 0 0 0 0 0 0 0 0 0 0 0 0 0 0 0 0 0 0 0 0 0 0 0 0 0 0 0 0 0 0 0 0 0 0 0 0 0 0 0 0 0 0 0 0 0 0 0 0 0 0 0 0 0 0 0 0 0 0 0 0 0 0 0 0 0 0 0 0 0 0 0 0 0 0 0 0 0 0 0 0 0 0 0 0 0 0 0 0 0 0 0 0 0 0 0 0 0 0 0 
0 0 0 0 0 0 0 0 0 0 0 0 0 0 0 0 0 0 0 0 0 0 0 0 0 0 0 0 0 0 0 0 0 0 0 0 0 0 0 0 0 0 0 0 0 0 0 0 0 0 0 0 0 0 0 0 0 0 0 0 0 0 0 0 0 0 0 0 0 0 0 0 0 0 0 0 0 0 0 0 0 0 0 0 0 0 0 0 0 0 0 0 0 0 0 0 0 0 0 0 0 0 0 0 0 
0 0 0 0 0 0 0 0 0 0 0 0 0 0 0 0 0 0 0 0 0 0 0 0 0 0 0 0 0 0 0 0 0 0 0 0 0 0 0 0 0 0 0 0 0 0 0 0 0 0 0 0 0 0 0 0 0 0 0 0 0 0 0 0 0 0 0 0 0 0 0 0 0 0 0 0 0 0 0 0 0 0 0 0 0 0 0 0 0 0 0 0 0 0 0 0 0 0 0 0 0 0 0 0 0 
0 0 0 0 0 0 0 0 0 0 0 0 0 0 0 0 0 0 0 0 0 0 0 0 0 0 0 0 0 0 0 0 0 0 0 0 0 0 0 0 0 0 0 0 0 0 0 0 0 0 0 0 0 0 0 0 0 0 0 0 0 0 0 0 0 0 0 0 0 0 0 0 0 0 0 0 0 0 0 0 0 0 0 0 0 0 0 0 0 0 0 0 0 0 0 0 0 0 0 0 0 0 0 0 0 
0 0 0 0 0 0 0 0 0 0 0 0 0 0 0 0 0 0 0 0 0 0 0 0 0 0 0 0 0 0 0 0 0 0 0 0 0 0 0 0 0 0 0 0 0 0 0 0 0 0 0 0 0 0 0 0 0 0 0 0 0 0 0 0 0 0 0 0 0 0 0 0 0 0 0 0 0 0 0 0 0 0 0 0 0 0 0 0 0 0 0 0 0 0 0 0 0 0 0 0 0 0 0 0 0 
0 0 0 0 0 0 0 0 0 0 0 0 0 0 0 0 0 0 0 0 0 0 0 0 0 0 0 0 0 0 0 0 0 0 0 0 0 0 0 0 0 0 0 0 0 0 0 0 0 0 0 0 0 0 0 0 0 0 0 0 0 0 0 0 0 0 0 0 0 0 0 0 0 0 0 0 0 0 0 0 0 0 0 0 0 0 0 0 0 0 0 0 0 0 0 0 0 0 0 0 0 0 0 0 0 
0 0 0 0 0 0 0 0 0 0 0 0 0 0 0 0 0 0 0 0 0 0 0 0 0 0 0 0 0 0 0 0 0 0 0 0 0 0 0 0 0 0 0 0 0 0 0 0 0 0 0 0 0 0 0 0 0 0 0 0 0 0 0 0 0 0 0 0 0 0 0 0 0 0 0 0 0 0 0 0 0 0 0 0 0 0 0 0 0 0 0 0 0 0 0 0 0 0 0 0 0 0 0 0 0 