55 96 33 16 18 30 
0 1 0 0 1 0 1 1 1 0 0 0 1 0 1 1 1 0 0 1 1 0 0 0 1 0 0 0 1 1 0 1 0 0 1 1 1 0 0 0 0 1 1 0 0 1 1 0 0 0 0 0 1 1 1 
0 0 0 1 1 0 0 0 1 0 1 0 0 1 1 0 0 1 0 0 1 1 1 0 0 0 0 1 1 1 1 1 1 0 1 1 0 0 0 0 1 0 0 1 1 0 0 1 0 1 0 1 1 1 1 
0 0 0 1 0 0 1 0 1 1 0 1 0 0 0 0 0 1 1 1 0 0 1 0 0 0 1 1 0 0 0 1 1 0 0 0 1 1 0 0 1 0 1 0 0 0 0 1 1 1 0 0 0 1 0 
1 0 1 0 1 0 1 0 1 1 0 1 0 0 0 1 1 0 1 0 1 1 0 0 0 0 1 0 1 1 1 1 1 0 1 1 1 1 1 1 1 1 1 1 1 0 1 0 1 1 0 0 0 1 0 
1 0 0 0 0 1 1 1 1 1 1 1 1 0 0 0 1 0 1 0 1 1 1 1 0 1 1 0 0 0 1 0 0 0 0 0 0 0 1 0 0 1 0 1 1 1 1 0 0 1 1 0 0 0 0 
0 1 0 0 0 0 1 1 1 0 0 1 0 1 0 0 1 1 1 1 1 0 1 1 0 0 1 1 1 0 1 0 0 0 0 0 0 1 0 0 0 1 1 0 0 1 0 0 0 1 0 1 0 0 0 
0 0 1 1 1 1 0 0 1 1 1 0 1 0 1 1 1 1 1 1 1 0 1 1 1 0 0 0 0 0 1 1 1 0 1 0 0 0 1 0 1 0 1 0 1 1 1 0 0 0 1 1 1 1 1 
1 0 0 0 1 0 1 0 0 0 1 1 1 0 1 1 1 1 0 1 1 1 1 1 1 1 0 0 0 1 0 0 0 0 1 1 1 1 1 1 0 0 1 0 0 0 0 1 0 0 0 1 0 0 0 
1 1 0 0 1 0 1 1 0 0 1 1 1 0 1 1 0 1 1 0 1 0 1 1 0 0 1 0 0 0 1 1 0 1 0 0 1 1 0 0 0 0 0 1 0 1 0 1 1 1 0 1 0 1 1 
0 0 0 1 0 1 1 1 0 0 1 1 0 0 0 1 0 0 1 1 0 1 0 1 1 1 1 0 1 1 1 1 0 1 0 0 1 1 1 1 0 1 0 0 0 0 1 0 1 0 1 0 0 0 0 
1 1 0 1 0 0 1 0 0 1 0 0 1 0 0 1 1 0 0 0 0 0 0 1 0 0 0 1 1 1 1 0 1 0 1 0 0 0 1 0 0 0 0 0 0 1 0 0 1 1 0 1 1 1 0 
0 0 0 0 0 0 0 0 1 0 0 0 0 1 1 1 1 0 1 1 0 0 1 0 0 1 1 1 1 1 1 1 0 0 1 0 0 1 1 1 0 0 0 1 0 1 1 0 0 0 1 0 1 1 1 
1 1 1 1 0 1 0 0 1 1 1 1 0 0 1 0 0 0 0 0 1 1 1 1 1 0 0 1 1 0 1 1 1 0 0 0 0 1 1 0 1 1 1 1 0 1 0 1 0 1 0 0 0 1 0 
0 1 0 0 1 1 1 0 0 0 0 0 1 0 0 1 0 0 0 1 0 0 1 0 1 1 0 0 1 0 1 0 1 0 0 0 0 1 1 1 0 1 0 1 1 0 1 1 0 0 0 0 0 0 1 
0 0 1 1 1 0 1 1 0 0 0 1 0 1 0 0 1 1 0 1 1 0 0 0 0 1 1 1 0 1 1 1 1 0 0 0 0 0 1 1 0 0 0 0 0 1 1 1 1 1 0 1 0 0 0 
0 0 1 0 1 1 1 1 0 1 1 0 1 0 1 0 0 1 0 1 0 1 0 0 1 1 1 1 0 0 0 0 0 0 1 1 1 1 0 0 0 1 0 0 1 1 1 1 0 1 0 1 0 1 0 
0 1 0 0 0 0 1 1 1 1 1 1 0 1 0 0 0 1 1 0 0 0 0 0 1 1 0 1 1 1 1 0 1 1 0 1 1 1 0 0 0 1 0 0 1 1 1 1 0 0 1 0 0 1 1 
0 0 0 0 1 1 1 0 0 1 0 1 0 1 1 0 0 0 1 1 1 0 0 1 0 0 0 0 0 1 1 0 0 0 0 1 0 0 1 1 0 1 0 0 0 1 1 0 1 0 0 0 1 0 0 
0 0 1 1 1 0 1 1 0 0 0 1 0 0 0 0 1 1 0 0 0 1 1 0 0 1 1 1 0 0 1 1 1 0 0 1 0 1 1 1 0 0 1 0 0 0 1 0 0 1 0 0 0 0 0 
1 0 0 0 1 0 0 1 1 0 1 1 0 0 0 0 1 1 1 0 1 1 1 1 0 1 0 0 1 0 0 1 0 0 0 1 0 1 0 1 0 1 0 1 1 1 0 1 1 0 0 1 1 1 0 
0 1 1 1 0 1 1 0 0 0 1 0 1 0 1 0 1 0 0 0 0 0 1 0 1 1 1 0 1 1 0 0 1 1 1 1 1 0 1 1 0 1 1 1 0 0 0 1 1 1 0 0 0 1 1 
0 0 0 1 1 1 1 1 0 0 0 1 0 1 1 1 0 1 0 1 1 0 1 1 0 0 1 1 0 1 1 1 0 0 1 1 0 1 0 0 1 1 0 1 1 0 0 0 1 1 1 0 0 1 0 
0 1 1 0 0 1 1 0 1 1 1 1 0 0 0 0 0 1 1 0 1 1 0 0 1 1 1 0 1 0 1 0 0 0 1 0 1 0 0 1 0 0 0 0 0 1 1 0 0 0 0 1 1 1 0 
1 0 0 1 1 0 0 0 0 0 1 0 1 1 1 1 0 1 1 1 0 0 0 0 1 0 0 0 0 0 0 1 1 1 0 0 0 1 0 1 1 0 1 1 1 0 0 0 0 0 0 0 0 1 0 
1 0 1 1 1 0 0 1 1 0 1 0 0 1 0 0 0 0 0 0 0 1 0 1 0 0 1 0 0 0 1 0 0 0 1 1 1 0 1 0 0 0 0 1 0 1 0 1 1 0 1 1 1 0 0 
1 1 1 1 1 0 0 0 1 1 1 0 1 0 1 0 1 1 1 0 1 1 1 1 0 0 0 1 0 0 0 0 1 1 1 1 0 0 0 1 1 1 0 1 0 1 1 1 0 0 1 1 0 0 1 
0 0 0 1 0 0 0 0 0 1 0 0 0 1 1 1 1 1 1 0 0 0 0 0 1 1 0 0 1 0 1 1 0 1 1 1 1 1 0 0 0 1 0 1 1 1 0 0 0 0 1 1 1 1 1 
0 0 0 1 0 0 0 1 1 1 1 0 0 1 0 0 0 1 0 0 0 0 0 1 0 1 1 0 0 1 0 0 1 0 1 1 0 1 0 1 0 0 0 1 1 1 0 0 0 0 0 1 1 1 0 
1 1 1 0 0 1 1 0 1 1 0 1 0 0 0 1 1 1 0 0 0 0 0 0 0 1 1 0 0 1 1 1 1 1 0 1 1 1 1 1 0 0 0 1 1 1 1 0 1 0 1 1 0 0 1 
0 0 0 1 1 0 1 1 0 0 0 0 1 0 0 0 0 1 1 0 0 1 1 0 1 0 1 1 1 0 1 0 0 1 0 1 1 0 1 1 1 1 0 1 1 0 1 1 1 1 0 1 1 1 0 
1 1 1 0 1 0 1 1 0 1 0 1 1 0 1 1 0 0 1 0 1 1 0 1 0 1 0 1 0 0 0 0 0 1 1 1 0 0 1 1 0 1 0 1 0 0 1 0 0 1 0 1 0 0 0 
0 1 0 1 1 0 0 0 1 0 1 0 0 0 1 0 0 0 1 0 0 0 0 1 1 1 1 1 1 1 1 0 0 0 0 1 1 0 1 1 1 1 0 1 1 0 1 0 0 0 0 1 1 1 0 
0 0 1 1 1 1 1 1 0 0 0 1 0 0 0 0 0 0 0 1 0 1 0 0 1 1 0 1 1 1 1 1 0 0 0 1 1 1 1 1 1 1 0 1 0 1 1 1 1 0 1 0 0 1 0 
0 0 1 1 0 1 1 0 1 1 0 0 0 0 1 0 0 0 0 0 1 1 1 0 0 0 1 0 1 1 1 1 0 0 0 1 0 0 0 0 0 1 1 0 1 0 1 1 0 0 0 0 1 0 0 
1 1 1 0 0 0 0 0 0 1 1 0 0 1 1 0 0 1 0 0 1 0 1 1 1 1 1 0 0 1 1 0 0 1 0 1 1 0 1 1 0 0 0 0 1 0 1 1 0 1 1 1 0 1 1 
0 1 1 1 1 0 1 0 0 1 1 1 1 0 1 0 1 1 1 1 0 0 0 1 0 0 0 0 0 1 1 0 1 0 0 0 0 1 1 1 0 0 1 1 1 1 1 1 1 0 0 0 1 1 1 
0 1 1 0 1 0 0 1 1 0 0 1 0 0 1 0 1 1 1 0 0 0 0 0 1 0 1 1 0 1 0 0 1 1 0 0 0 0 0 0 0 0 1 1 0 0 1 1 0 1 0 1 1 0 1 
0 0 1 0 0 1 0 0 1 1 0 0 0 0 1 0 0 1 1 0 0 1 1 1 0 0 1 1 1 1 1 0 1 1 1 1 0 0 1 1 0 0 1 0 1 1 1 0 0 0 0 1 0 0 0 
0 0 0 1 1 1 1 1 0 0 0 1 0 0 1 0 0 1 1 0 0 1 0 1 1 0 1 0 1 0 1 1 0 1 0 0 1 1 0 1 1 1 1 1 0 0 0 0 0 0 1 0 1 1 0 
0 0 0 1 0 1 1 1 0 0 1 0 1 0 1 1 1 0 1 1 1 1 1 0 0 0 1 0 1 1 0 0 1 1 1 0 1 0 0 0 0 0 0 1 1 1 1 1 0 1 0 1 0 1 1 
0 0 0 1 0 0 0 1 1 1 0 0 1 0 0 1 1 1 1 0 0 0 1 1 0 1 0 0 1 1 1 1 0 0 1 1 0 1 1 0 0 0 1 0 1 0 0 0 1 0 1 1 0 1 1 
0 0 1 1 1 1 0 1 1 1 0 0 0 0 1 1 1 1 0 0 1 0 1 1 0 0 1 1 0 1 0 1 1 0 1 0 1 1 1 1 1 0 0 1 0 0 1 0 1 1 1 1 0 1 0 
0 0 1 1 1 0 1 0 1 0 1 0 0 1 0 0 1 0 1 0 1 0 0 1 1 0 1 1 0 0 0 1 1 1 1 0 0 0 1 1 1 0 0 1 1 1 0 0 0 0 0 0 0 1 1 
1 1 0 1 1 1 0 1 1 1 0 0 0 0 1 0 1 0 1 1 1 0 1 1 0 0 0 1 1 0 1 1 0 0 1 0 1 0 0 0 0 1 0 0 0 0 1 0 0 1 1 1 1 1 1 
1 0 1 0 1 0 0 1 0 0 0 0 1 0 0 0 0 1 1 1 0 1 1 1 1 0 0 1 0 1 1 0 1 1 1 0 0 1 0 0 0 1 1 1 0 0 0 0 0 0 0 1 1 1 0 
0 1 0 0 0 0 1 0 1 1 1 1 0 0 0 0 0 0 1 1 0 0 1 0 1 1 0 1 1 0 1 1 0 1 1 0 0 1 0 0 0 1 0 0 1 0 0 0 1 0 1 0 0 1 0 
0 1 1 1 0 0 0 1 0 1 1 1 1 0 1 1 0 1 0 0 1 1 1 1 1 0 0 0 0 1 1 0 0 0 1 1 1 0 1 0 1 0 0 1 1 0 0 0 1 1 1 1 1 1 1 
1 0 1 1 1 0 0 1 0 1 0 1 1 0 1 0 0 0 1 0 0 0 0 1 0 0 0 0 1 1 0 1 1 1 0 0 1 0 0 0 0 1 0 1 0 1 1 0 1 0 1 0 1 0 0 
1 0 0 0 0 0 1 0 1 0 0 1 1 0 1 0 1 1 1 1 1 1 1 0 0 1 1 0 0 1 1 1 1 0 0 0 0 1 0 1 0 1 0 1 1 1 0 0 0 1 1 0 0 1 0 
1 0 0 0 1 1 0 0 0 0 1 1 0 1 1 0 0 0 1 0 0 1 1 0 0 0 1 0 0 0 1 0 1 1 0 0 0 1 0 0 0 1 1 1 1 0 0 0 0 0 0 0 0 0 0 
1 1 1 0 1 1 0 0 0 0 1 1 1 0 0 1 0 1 1 0 1 1 1 0 1 0 1 1 1 1 1 1 0 1 1 1 1 0 1 1 1 1 1 0 1 0 0 0 1 0 0 1 0 1 1 
1 1 0 0 1 0 1 1 0 0 1 0 0 0 1 0 0 1 0 1 0 0 0 1 0 0 0 0 1 0 0 1 1 0 0 0 0 1 1 1 0 0 0 1 1 0 1 0 1 0 0 0 1 1 1 
0 1 0 1 1 0 0 0 0 0 1 0 0 0 1 1 0 1 1 1 1 0 1 0 1 1 1 0 1 0 1 1 1 1 0 1 1 0 1 1 0 0 0 1 1 0 1 1 0 0 0 0 0 1 1 
1 0 0 1 1 0 0 0 0 1 1 1 1 1 1 0 1 1 1 0 0 1 0 0 0 1 1 1 1 1 1 1 0 0 0 1 0 1 1 1 0 0 0 0 0 1 0 1 0 0 0 0 1 0 0 
0 0 0 1 1 1 1 0 1 1 1 1 1 1 0 0 1 0 1 0 1 0 1 1 0 0 0 0 0 1 1 1 0 0 1 0 1 1 1 1 0 1 0 0 1 0 0 1 0 0 0 0 1 0 0 